Python 3.7.1 (v3.7.1:260ec2c36a, Oct 20 2018, 14:57:15) [MSC v.1915 64 bit (AMD64)] on win32
Type "help", "copyright", "credits" or "license()" for more information.
>>> 
 RESTART: F:\Workspace\GitRep\Public\Small Challenges\Advent of Code\2018\21\b.py 
[0, 0, 0, 0, 0, 0]
0 ('seti', 123, 0, 3)
[0, 0, 0, 123, 0, 1]
1 ('bani', 3, 456, 3)
[0, 0, 0, 72, 0, 2]
2 ('eqri', 3, 72, 3)
[0, 0, 0, 1, 0, 3]
3 ('addr', 3, 5, 5)
[0, 0, 0, 1, 0, 5]
5 ('seti', 0, 9, 3)
[0, 0, 0, 0, 0, 6]
6 ('bori', 3, 65536, 1)
[0, 65536, 0, 0, 0, 7]
7 ('seti', 9450265, 6, 3)
[0, 65536, 0, 9450265, 0, 8]
8 ('bani', 1, 255, 4)
[0, 65536, 0, 9450265, 0, 9]
9 ('addr', 3, 4, 3)
[0, 65536, 0, 9450265, 0, 10]
10 ('bani', 3, 16777215, 3)
[0, 65536, 0, 9450265, 0, 11]
11 ('muli', 3, 65899, 3)
[0, 65536, 0, 622763013235, 0, 12]
12 ('bani', 3, 16777215, 3)
[0, 65536, 0, 9532531, 0, 13]
13 ('gtir', 256, 1, 4)
[0, 65536, 0, 9532531, 0, 14]
14 ('addr', 4, 5, 5)
[0, 65536, 0, 9532531, 0, 15]
15 ('addi', 5, 1, 5)
[0, 65536, 0, 9532531, 0, 17]
17 ('seti', 0, 9, 4)
[0, 65536, 0, 9532531, 0, 18]
18 ('addi', 4, 1, 2)
[0, 65536, 1, 9532531, 0, 19]
19 ('muli', 2, 256, 2)
[0, 65536, 256, 9532531, 0, 20]
20 ('gtrr', 2, 1, 2)
[0, 65536, 0, 9532531, 0, 21]
21 ('addr', 2, 5, 5)
[0, 65536, 0, 9532531, 0, 22]
22 ('addi', 5, 1, 5)
[0, 65536, 0, 9532531, 0, 24]
24 ('addi', 4, 1, 4)
[0, 65536, 0, 9532531, 1, 25]
25 ('seti', 17, 5, 5)
[0, 65536, 0, 9532531, 1, 18]
18 ('addi', 4, 1, 2)
[0, 65536, 2, 9532531, 1, 19]
19 ('muli', 2, 256, 2)
[0, 65536, 512, 9532531, 1, 20]
20 ('gtrr', 2, 1, 2)
[0, 65536, 0, 9532531, 1, 21]
21 ('addr', 2, 5, 5)
[0, 65536, 0, 9532531, 1, 22]
22 ('addi', 5, 1, 5)
[0, 65536, 0, 9532531, 1, 24]
24 ('addi', 4, 1, 4)
[0, 65536, 0, 9532531, 2, 25]
25 ('seti', 17, 5, 5)
[0, 65536, 0, 9532531, 2, 18]
18 ('addi', 4, 1, 2)
[0, 65536, 3, 9532531, 2, 19]
19 ('muli', 2, 256, 2)
[0, 65536, 768, 9532531, 2, 20]
20 ('gtrr', 2, 1, 2)
[0, 65536, 0, 9532531, 2, 21]
21 ('addr', 2, 5, 5)
[0, 65536, 0, 9532531, 2, 22]
22 ('addi', 5, 1, 5)
[0, 65536, 0, 9532531, 2, 24]
24 ('addi', 4, 1, 4)
[0, 65536, 0, 9532531, 3, 25]
25 ('seti', 17, 5, 5)
[0, 65536, 0, 9532531, 3, 18]
18 ('addi', 4, 1, 2)
[0, 65536, 4, 9532531, 3, 19]
19 ('muli', 2, 256, 2)
[0, 65536, 1024, 9532531, 3, 20]
20 ('gtrr', 2, 1, 2)
[0, 65536, 0, 9532531, 3, 21]
21 ('addr', 2, 5, 5)
[0, 65536, 0, 9532531, 3, 22]
22 ('addi', 5, 1, 5)
[0, 65536, 0, 9532531, 3, 24]
24 ('addi', 4, 1, 4)
[0, 65536, 0, 9532531, 4, 25]
25 ('seti', 17, 5, 5)
[0, 65536, 0, 9532531, 4, 18]
18 ('addi', 4, 1, 2)
[0, 65536, 5, 9532531, 4, 19]
19 ('muli', 2, 256, 2)
[0, 65536, 1280, 9532531, 4, 20]
20 ('gtrr', 2, 1, 2)
[0, 65536, 0, 9532531, 4, 21]
21 ('addr', 2, 5, 5)
[0, 65536, 0, 9532531, 4, 22]
22 ('addi', 5, 1, 5)
[0, 65536, 0, 9532531, 4, 24]
24 ('addi', 4, 1, 4)
[0, 65536, 0, 9532531, 5, 25]
25 ('seti', 17, 5, 5)
[0, 65536, 0, 9532531, 5, 18]
18 ('addi', 4, 1, 2)
[0, 65536, 6, 9532531, 5, 19]
19 ('muli', 2, 256, 2)
[0, 65536, 1536, 9532531, 5, 20]
20 ('gtrr', 2, 1, 2)
[0, 65536, 0, 9532531, 5, 21]
21 ('addr', 2, 5, 5)
[0, 65536, 0, 9532531, 5, 22]
22 ('addi', 5, 1, 5)
[0, 65536, 0, 9532531, 5, 24]
24 ('addi', 4, 1, 4)
[0, 65536, 0, 9532531, 6, 25]
25 ('seti', 17, 5, 5)
[0, 65536, 0, 9532531, 6, 18]
18 ('addi', 4, 1, 2)
[0, 65536, 7, 9532531, 6, 19]
19 ('muli', 2, 256, 2)
[0, 65536, 1792, 9532531, 6, 20]
20 ('gtrr', 2, 1, 2)
[0, 65536, 0, 9532531, 6, 21]
21 ('addr', 2, 5, 5)
[0, 65536, 0, 9532531, 6, 22]
22 ('addi', 5, 1, 5)
[0, 65536, 0, 9532531, 6, 24]
24 ('addi', 4, 1, 4)
[0, 65536, 0, 9532531, 7, 25]
25 ('seti', 17, 5, 5)
[0, 65536, 0, 9532531, 7, 18]
18 ('addi', 4, 1, 2)
[0, 65536, 8, 9532531, 7, 19]
19 ('muli', 2, 256, 2)
[0, 65536, 2048, 9532531, 7, 20]
20 ('gtrr', 2, 1, 2)
[0, 65536, 0, 9532531, 7, 21]
21 ('addr', 2, 5, 5)
[0, 65536, 0, 9532531, 7, 22]
22 ('addi', 5, 1, 5)
[0, 65536, 0, 9532531, 7, 24]
24 ('addi', 4, 1, 4)
[0, 65536, 0, 9532531, 8, 25]
25 ('seti', 17, 5, 5)
[0, 65536, 0, 9532531, 8, 18]
18 ('addi', 4, 1, 2)
[0, 65536, 9, 9532531, 8, 19]
19 ('muli', 2, 256, 2)
[0, 65536, 2304, 9532531, 8, 20]
20 ('gtrr', 2, 1, 2)
[0, 65536, 0, 9532531, 8, 21]
21 ('addr', 2, 5, 5)
[0, 65536, 0, 9532531, 8, 22]
22 ('addi', 5, 1, 5)
[0, 65536, 0, 9532531, 8, 24]
24 ('addi', 4, 1, 4)
[0, 65536, 0, 9532531, 9, 25]
25 ('seti', 17, 5, 5)
[0, 65536, 0, 9532531, 9, 18]
18 ('addi', 4, 1, 2)
[0, 65536, 10, 9532531, 9, 19]
19 ('muli', 2, 256, 2)
[0, 65536, 2560, 9532531, 9, 20]
20 ('gtrr', 2, 1, 2)
[0, 65536, 0, 9532531, 9, 21]
21 ('addr', 2, 5, 5)
[0, 65536, 0, 9532531, 9, 22]
22 ('addi', 5, 1, 5)
[0, 65536, 0, 9532531, 9, 24]
24 ('addi', 4, 1, 4)
[0, 65536, 0, 9532531, 10, 25]
25 ('seti', 17, 5, 5)
[0, 65536, 0, 9532531, 10, 18]
18 ('addi', 4, 1, 2)
[0, 65536, 11, 9532531, 10, 19]
19 ('muli', 2, 256, 2)
[0, 65536, 2816, 9532531, 10, 20]
20 ('gtrr', 2, 1, 2)
[0, 65536, 0, 9532531, 10, 21]
21 ('addr', 2, 5, 5)
[0, 65536, 0, 9532531, 10, 22]
22 ('addi', 5, 1, 5)
[0, 65536, 0, 9532531, 10, 24]
24 ('addi', 4, 1, 4)
[0, 65536, 0, 9532531, 11, 25]
25 ('seti', 17, 5, 5)
[0, 65536, 0, 9532531, 11, 18]
18 ('addi', 4, 1, 2)
[0, 65536, 12, 9532531, 11, 19]
19 ('muli', 2, 256, 2)
[0, 65536, 3072, 9532531, 11, 20]
20 ('gtrr', 2, 1, 2)
[0, 65536, 0, 9532531, 11, 21]
21 ('addr', 2, 5, 5)
[0, 65536, 0, 9532531, 11, 22]
22 ('addi', 5, 1, 5)
[0, 65536, 0, 9532531, 11, 24]
24 ('addi', 4, 1, 4)
[0, 65536, 0, 9532531, 12, 25]
25 ('seti', 17, 5, 5)
[0, 65536, 0, 9532531, 12, 18]
18 ('addi', 4, 1, 2)
[0, 65536, 13, 9532531, 12, 19]
19 ('muli', 2, 256, 2)
[0, 65536, 3328, 9532531, 12, 20]
20 ('gtrr', 2, 1, 2)
[0, 65536, 0, 9532531, 12, 21]
21 ('addr', 2, 5, 5)
[0, 65536, 0, 9532531, 12, 22]
22 ('addi', 5, 1, 5)
[0, 65536, 0, 9532531, 12, 24]
24 ('addi', 4, 1, 4)
[0, 65536, 0, 9532531, 13, 25]
25 ('seti', 17, 5, 5)
[0, 65536, 0, 9532531, 13, 18]
18 ('addi', 4, 1, 2)
[0, 65536, 14, 9532531, 13, 19]
19 ('muli', 2, 256, 2)
[0, 65536, 3584, 9532531, 13, 20]
20 ('gtrr', 2, 1, 2)
[0, 65536, 0, 9532531, 13, 21]
21 ('addr', 2, 5, 5)
[0, 65536, 0, 9532531, 13, 22]
22 ('addi', 5, 1, 5)
[0, 65536, 0, 9532531, 13, 24]
24 ('addi', 4, 1, 4)
[0, 65536, 0, 9532531, 14, 25]
25 ('seti', 17, 5, 5)
[0, 65536, 0, 9532531, 14, 18]
18 ('addi', 4, 1, 2)
[0, 65536, 15, 9532531, 14, 19]
19 ('muli', 2, 256, 2)
[0, 65536, 3840, 9532531, 14, 20]
20 ('gtrr', 2, 1, 2)
[0, 65536, 0, 9532531, 14, 21]
21 ('addr', 2, 5, 5)
[0, 65536, 0, 9532531, 14, 22]
22 ('addi', 5, 1, 5)
[0, 65536, 0, 9532531, 14, 24]
24 ('addi', 4, 1, 4)
[0, 65536, 0, 9532531, 15, 25]
25 ('seti', 17, 5, 5)
[0, 65536, 0, 9532531, 15, 18]
18 ('addi', 4, 1, 2)
[0, 65536, 16, 9532531, 15, 19]
19 ('muli', 2, 256, 2)
[0, 65536, 4096, 9532531, 15, 20]
20 ('gtrr', 2, 1, 2)
[0, 65536, 0, 9532531, 15, 21]
21 ('addr', 2, 5, 5)
[0, 65536, 0, 9532531, 15, 22]
22 ('addi', 5, 1, 5)
[0, 65536, 0, 9532531, 15, 24]
24 ('addi', 4, 1, 4)
[0, 65536, 0, 9532531, 16, 25]
25 ('seti', 17, 5, 5)
[0, 65536, 0, 9532531, 16, 18]
18 ('addi', 4, 1, 2)
[0, 65536, 17, 9532531, 16, 19]
19 ('muli', 2, 256, 2)
[0, 65536, 4352, 9532531, 16, 20]
20 ('gtrr', 2, 1, 2)
[0, 65536, 0, 9532531, 16, 21]
21 ('addr', 2, 5, 5)
[0, 65536, 0, 9532531, 16, 22]
22 ('addi', 5, 1, 5)
[0, 65536, 0, 9532531, 16, 24]
24 ('addi', 4, 1, 4)
[0, 65536, 0, 9532531, 17, 25]
25 ('seti', 17, 5, 5)
[0, 65536, 0, 9532531, 17, 18]
18 ('addi', 4, 1, 2)
[0, 65536, 18, 9532531, 17, 19]
19 ('muli', 2, 256, 2)
[0, 65536, 4608, 9532531, 17, 20]
20 ('gtrr', 2, 1, 2)
[0, 65536, 0, 9532531, 17, 21]
21 ('addr', 2, 5, 5)
[0, 65536, 0, 9532531, 17, 22]
22 ('addi', 5, 1, 5)
[0, 65536, 0, 9532531, 17, 24]
24 ('addi', 4, 1, 4)
[0, 65536, 0, 9532531, 18, 25]
25 ('seti', 17, 5, 5)
[0, 65536, 0, 9532531, 18, 18]
18 ('addi', 4, 1, 2)
[0, 65536, 19, 9532531, 18, 19]
19 ('muli', 2, 256, 2)
[0, 65536, 4864, 9532531, 18, 20]
20 ('gtrr', 2, 1, 2)
[0, 65536, 0, 9532531, 18, 21]
21 ('addr', 2, 5, 5)
[0, 65536, 0, 9532531, 18, 22]
22 ('addi', 5, 1, 5)
[0, 65536, 0, 9532531, 18, 24]
24 ('addi', 4, 1, 4)
[0, 65536, 0, 9532531, 19, 25]
25 ('seti', 17, 5, 5)
[0, 65536, 0, 9532531, 19, 18]
18 ('addi', 4, 1, 2)
[0, 65536, 20, 9532531, 19, 19]
19 ('muli', 2, 256, 2)
[0, 65536, 5120, 9532531, 19, 20]
20 ('gtrr', 2, 1, 2)
[0, 65536, 0, 9532531, 19, 21]
21 ('addr', 2, 5, 5)
[0, 65536, 0, 9532531, 19, 22]
22 ('addi', 5, 1, 5)
[0, 65536, 0, 9532531, 19, 24]
24 ('addi', 4, 1, 4)
[0, 65536, 0, 9532531, 20, 25]
25 ('seti', 17, 5, 5)
[0, 65536, 0, 9532531, 20, 18]
18 ('addi', 4, 1, 2)
[0, 65536, 21, 9532531, 20, 19]
19 ('muli', 2, 256, 2)
[0, 65536, 5376, 9532531, 20, 20]
20 ('gtrr', 2, 1, 2)
[0, 65536, 0, 9532531, 20, 21]
21 ('addr', 2, 5, 5)
[0, 65536, 0, 9532531, 20, 22]
22 ('addi', 5, 1, 5)
[0, 65536, 0, 9532531, 20, 24]
24 ('addi', 4, 1, 4)
[0, 65536, 0, 9532531, 21, 25]
25 ('seti', 17, 5, 5)
[0, 65536, 0, 9532531, 21, 18]
18 ('addi', 4, 1, 2)
[0, 65536, 22, 9532531, 21, 19]
19 ('muli', 2, 256, 2)
[0, 65536, 5632, 9532531, 21, 20]
20 ('gtrr', 2, 1, 2)
[0, 65536, 0, 9532531, 21, 21]
21 ('addr', 2, 5, 5)
[0, 65536, 0, 9532531, 21, 22]
22 ('addi', 5, 1, 5)
[0, 65536, 0, 9532531, 21, 24]
24 ('addi', 4, 1, 4)
[0, 65536, 0, 9532531, 22, 25]
25 ('seti', 17, 5, 5)
[0, 65536, 0, 9532531, 22, 18]
18 ('addi', 4, 1, 2)
[0, 65536, 23, 9532531, 22, 19]
19 ('muli', 2, 256, 2)
[0, 65536, 5888, 9532531, 22, 20]
20 ('gtrr', 2, 1, 2)
[0, 65536, 0, 9532531, 22, 21]
21 ('addr', 2, 5, 5)
[0, 65536, 0, 9532531, 22, 22]
22 ('addi', 5, 1, 5)
[0, 65536, 0, 9532531, 22, 24]
24 ('addi', 4, 1, 4)
[0, 65536, 0, 9532531, 23, 25]
25 ('seti', 17, 5, 5)
[0, 65536, 0, 9532531, 23, 18]
18 ('addi', 4, 1, 2)
[0, 65536, 24, 9532531, 23, 19]
19 ('muli', 2, 256, 2)
[0, 65536, 6144, 9532531, 23, 20]
20 ('gtrr', 2, 1, 2)
[0, 65536, 0, 9532531, 23, 21]
21 ('addr', 2, 5, 5)
[0, 65536, 0, 9532531, 23, 22]
22 ('addi', 5, 1, 5)
[0, 65536, 0, 9532531, 23, 24]
24 ('addi', 4, 1, 4)
[0, 65536, 0, 9532531, 24, 25]
25 ('seti', 17, 5, 5)
[0, 65536, 0, 9532531, 24, 18]
18 ('addi', 4, 1, 2)
[0, 65536, 25, 9532531, 24, 19]
19 ('muli', 2, 256, 2)
[0, 65536, 6400, 9532531, 24, 20]
20 ('gtrr', 2, 1, 2)
[0, 65536, 0, 9532531, 24, 21]
21 ('addr', 2, 5, 5)
[0, 65536, 0, 9532531, 24, 22]
22 ('addi', 5, 1, 5)
[0, 65536, 0, 9532531, 24, 24]
24 ('addi', 4, 1, 4)
[0, 65536, 0, 9532531, 25, 25]
25 ('seti', 17, 5, 5)
[0, 65536, 0, 9532531, 25, 18]
18 ('addi', 4, 1, 2)
[0, 65536, 26, 9532531, 25, 19]
19 ('muli', 2, 256, 2)
[0, 65536, 6656, 9532531, 25, 20]
20 ('gtrr', 2, 1, 2)
[0, 65536, 0, 9532531, 25, 21]
21 ('addr', 2, 5, 5)
[0, 65536, 0, 9532531, 25, 22]
22 ('addi', 5, 1, 5)
[0, 65536, 0, 9532531, 25, 24]
24 ('addi', 4, 1, 4)
[0, 65536, 0, 9532531, 26, 25]
25 ('seti', 17, 5, 5)
[0, 65536, 0, 9532531, 26, 18]
18 ('addi', 4, 1, 2)
[0, 65536, 27, 9532531, 26, 19]
19 ('muli', 2, 256, 2)
[0, 65536, 6912, 9532531, 26, 20]
20 ('gtrr', 2, 1, 2)
[0, 65536, 0, 9532531, 26, 21]
21 ('addr', 2, 5, 5)
[0, 65536, 0, 9532531, 26, 22]
22 ('addi', 5, 1, 5)
[0, 65536, 0, 9532531, 26, 24]
24 ('addi', 4, 1, 4)
[0, 65536, 0, 9532531, 27, 25]
25 ('seti', 17, 5, 5)
[0, 65536, 0, 9532531, 27, 18]
18 ('addi', 4, 1, 2)
[0, 65536, 28, 9532531, 27, 19]
19 ('muli', 2, 256, 2)
[0, 65536, 7168, 9532531, 27, 20]
20 ('gtrr', 2, 1, 2)
[0, 65536, 0, 9532531, 27, 21]
21 ('addr', 2, 5, 5)
[0, 65536, 0, 9532531, 27, 22]
22 ('addi', 5, 1, 5)
[0, 65536, 0, 9532531, 27, 24]
24 ('addi', 4, 1, 4)
[0, 65536, 0, 9532531, 28, 25]
25 ('seti', 17, 5, 5)
[0, 65536, 0, 9532531, 28, 18]
18 ('addi', 4, 1, 2)
[0, 65536, 29, 9532531, 28, 19]
19 ('muli', 2, 256, 2)
[0, 65536, 7424, 9532531, 28, 20]
20 ('gtrr', 2, 1, 2)
[0, 65536, 0, 9532531, 28, 21]
21 ('addr', 2, 5, 5)
[0, 65536, 0, 9532531, 28, 22]
22 ('addi', 5, 1, 5)
[0, 65536, 0, 9532531, 28, 24]
24 ('addi', 4, 1, 4)
[0, 65536, 0, 9532531, 29, 25]
25 ('seti', 17, 5, 5)
[0, 65536, 0, 9532531, 29, 18]
18 ('addi', 4, 1, 2)
[0, 65536, 30, 9532531, 29, 19]
19 ('muli', 2, 256, 2)
[0, 65536, 7680, 9532531, 29, 20]
20 ('gtrr', 2, 1, 2)
[0, 65536, 0, 9532531, 29, 21]
21 ('addr', 2, 5, 5)
[0, 65536, 0, 9532531, 29, 22]
22 ('addi', 5, 1, 5)
[0, 65536, 0, 9532531, 29, 24]
24 ('addi', 4, 1, 4)
[0, 65536, 0, 9532531, 30, 25]
25 ('seti', 17, 5, 5)
[0, 65536, 0, 9532531, 30, 18]
18 ('addi', 4, 1, 2)
[0, 65536, 31, 9532531, 30, 19]
19 ('muli', 2, 256, 2)
[0, 65536, 7936, 9532531, 30, 20]
20 ('gtrr', 2, 1, 2)
[0, 65536, 0, 9532531, 30, 21]
21 ('addr', 2, 5, 5)
[0, 65536, 0, 9532531, 30, 22]
22 ('addi', 5, 1, 5)
[0, 65536, 0, 9532531, 30, 24]
24 ('addi', 4, 1, 4)
[0, 65536, 0, 9532531, 31, 25]
25 ('seti', 17, 5, 5)
[0, 65536, 0, 9532531, 31, 18]
18 ('addi', 4, 1, 2)
[0, 65536, 32, 9532531, 31, 19]
19 ('muli', 2, 256, 2)
[0, 65536, 8192, 9532531, 31, 20]
20 ('gtrr', 2, 1, 2)
[0, 65536, 0, 9532531, 31, 21]
21 ('addr', 2, 5, 5)
[0, 65536, 0, 9532531, 31, 22]
22 ('addi', 5, 1, 5)
[0, 65536, 0, 9532531, 31, 24]
24 ('addi', 4, 1, 4)
[0, 65536, 0, 9532531, 32, 25]
25 ('seti', 17, 5, 5)
[0, 65536, 0, 9532531, 32, 18]
18 ('addi', 4, 1, 2)
[0, 65536, 33, 9532531, 32, 19]
19 ('muli', 2, 256, 2)
[0, 65536, 8448, 9532531, 32, 20]
20 ('gtrr', 2, 1, 2)
[0, 65536, 0, 9532531, 32, 21]
21 ('addr', 2, 5, 5)
[0, 65536, 0, 9532531, 32, 22]
22 ('addi', 5, 1, 5)
[0, 65536, 0, 9532531, 32, 24]
24 ('addi', 4, 1, 4)
[0, 65536, 0, 9532531, 33, 25]
25 ('seti', 17, 5, 5)
[0, 65536, 0, 9532531, 33, 18]
18 ('addi', 4, 1, 2)
[0, 65536, 34, 9532531, 33, 19]
19 ('muli', 2, 256, 2)
[0, 65536, 8704, 9532531, 33, 20]
20 ('gtrr', 2, 1, 2)
[0, 65536, 0, 9532531, 33, 21]
21 ('addr', 2, 5, 5)
[0, 65536, 0, 9532531, 33, 22]
22 ('addi', 5, 1, 5)
[0, 65536, 0, 9532531, 33, 24]
24 ('addi', 4, 1, 4)
[0, 65536, 0, 9532531, 34, 25]
25 ('seti', 17, 5, 5)
[0, 65536, 0, 9532531, 34, 18]
18 ('addi', 4, 1, 2)
[0, 65536, 35, 9532531, 34, 19]
19 ('muli', 2, 256, 2)
[0, 65536, 8960, 9532531, 34, 20]
20 ('gtrr', 2, 1, 2)
[0, 65536, 0, 9532531, 34, 21]
21 ('addr', 2, 5, 5)
[0, 65536, 0, 9532531, 34, 22]
22 ('addi', 5, 1, 5)
[0, 65536, 0, 9532531, 34, 24]
24 ('addi', 4, 1, 4)
[0, 65536, 0, 9532531, 35, 25]
25 ('seti', 17, 5, 5)
[0, 65536, 0, 9532531, 35, 18]
18 ('addi', 4, 1, 2)
[0, 65536, 36, 9532531, 35, 19]
19 ('muli', 2, 256, 2)
[0, 65536, 9216, 9532531, 35, 20]
20 ('gtrr', 2, 1, 2)
[0, 65536, 0, 9532531, 35, 21]
21 ('addr', 2, 5, 5)
[0, 65536, 0, 9532531, 35, 22]
22 ('addi', 5, 1, 5)
[0, 65536, 0, 9532531, 35, 24]
24 ('addi', 4, 1, 4)
[0, 65536, 0, 9532531, 36, 25]
25 ('seti', 17, 5, 5)
[0, 65536, 0, 9532531, 36, 18]
18 ('addi', 4, 1, 2)
[0, 65536, 37, 9532531, 36, 19]
19 ('muli', 2, 256, 2)
[0, 65536, 9472, 9532531, 36, 20]
20 ('gtrr', 2, 1, 2)
[0, 65536, 0, 9532531, 36, 21]
21 ('addr', 2, 5, 5)
[0, 65536, 0, 9532531, 36, 22]
22 ('addi', 5, 1, 5)
[0, 65536, 0, 9532531, 36, 24]
24 ('addi', 4, 1, 4)
[0, 65536, 0, 9532531, 37, 25]
25 ('seti', 17, 5, 5)
[0, 65536, 0, 9532531, 37, 18]
18 ('addi', 4, 1, 2)
[0, 65536, 38, 9532531, 37, 19]
19 ('muli', 2, 256, 2)
[0, 65536, 9728, 9532531, 37, 20]
20 ('gtrr', 2, 1, 2)
[0, 65536, 0, 9532531, 37, 21]
21 ('addr', 2, 5, 5)
[0, 65536, 0, 9532531, 37, 22]
22 ('addi', 5, 1, 5)
[0, 65536, 0, 9532531, 37, 24]
24 ('addi', 4, 1, 4)
[0, 65536, 0, 9532531, 38, 25]
25 ('seti', 17, 5, 5)
[0, 65536, 0, 9532531, 38, 18]
18 ('addi', 4, 1, 2)
[0, 65536, 39, 9532531, 38, 19]
19 ('muli', 2, 256, 2)
[0, 65536, 9984, 9532531, 38, 20]
20 ('gtrr', 2, 1, 2)
[0, 65536, 0, 9532531, 38, 21]
21 ('addr', 2, 5, 5)
[0, 65536, 0, 9532531, 38, 22]
22 ('addi', 5, 1, 5)
[0, 65536, 0, 9532531, 38, 24]
24 ('addi', 4, 1, 4)
[0, 65536, 0, 9532531, 39, 25]
25 ('seti', 17, 5, 5)
[0, 65536, 0, 9532531, 39, 18]
18 ('addi', 4, 1, 2)
[0, 65536, 40, 9532531, 39, 19]
19 ('muli', 2, 256, 2)
[0, 65536, 10240, 9532531, 39, 20]
20 ('gtrr', 2, 1, 2)
[0, 65536, 0, 9532531, 39, 21]
21 ('addr', 2, 5, 5)
[0, 65536, 0, 9532531, 39, 22]
22 ('addi', 5, 1, 5)
[0, 65536, 0, 9532531, 39, 24]
24 ('addi', 4, 1, 4)
[0, 65536, 0, 9532531, 40, 25]
25 ('seti', 17, 5, 5)
[0, 65536, 0, 9532531, 40, 18]
18 ('addi', 4, 1, 2)
[0, 65536, 41, 9532531, 40, 19]
19 ('muli', 2, 256, 2)
[0, 65536, 10496, 9532531, 40, 20]
20 ('gtrr', 2, 1, 2)
[0, 65536, 0, 9532531, 40, 21]
21 ('addr', 2, 5, 5)
[0, 65536, 0, 9532531, 40, 22]
22 ('addi', 5, 1, 5)
[0, 65536, 0, 9532531, 40, 24]
24 ('addi', 4, 1, 4)
[0, 65536, 0, 9532531, 41, 25]
25 ('seti', 17, 5, 5)
[0, 65536, 0, 9532531, 41, 18]
18 ('addi', 4, 1, 2)
[0, 65536, 42, 9532531, 41, 19]
19 ('muli', 2, 256, 2)
[0, 65536, 10752, 9532531, 41, 20]
20 ('gtrr', 2, 1, 2)
[0, 65536, 0, 9532531, 41, 21]
21 ('addr', 2, 5, 5)
[0, 65536, 0, 9532531, 41, 22]
22 ('addi', 5, 1, 5)
[0, 65536, 0, 9532531, 41, 24]
24 ('addi', 4, 1, 4)
[0, 65536, 0, 9532531, 42, 25]
25 ('seti', 17, 5, 5)
[0, 65536, 0, 9532531, 42, 18]
18 ('addi', 4, 1, 2)
[0, 65536, 43, 9532531, 42, 19]
19 ('muli', 2, 256, 2)
[0, 65536, 11008, 9532531, 42, 20]
20 ('gtrr', 2, 1, 2)
[0, 65536, 0, 9532531, 42, 21]
21 ('addr', 2, 5, 5)
[0, 65536, 0, 9532531, 42, 22]
22 ('addi', 5, 1, 5)
[0, 65536, 0, 9532531, 42, 24]
24 ('addi', 4, 1, 4)
[0, 65536, 0, 9532531, 43, 25]
25 ('seti', 17, 5, 5)
[0, 65536, 0, 9532531, 43, 18]
18 ('addi', 4, 1, 2)
[0, 65536, 44, 9532531, 43, 19]
19 ('muli', 2, 256, 2)
[0, 65536, 11264, 9532531, 43, 20]
20 ('gtrr', 2, 1, 2)
[0, 65536, 0, 9532531, 43, 21]
21 ('addr', 2, 5, 5)
[0, 65536, 0, 9532531, 43, 22]
22 ('addi', 5, 1, 5)
[0, 65536, 0, 9532531, 43, 24]
24 ('addi', 4, 1, 4)
[0, 65536, 0, 9532531, 44, 25]
25 ('seti', 17, 5, 5)
[0, 65536, 0, 9532531, 44, 18]
18 ('addi', 4, 1, 2)
[0, 65536, 45, 9532531, 44, 19]
19 ('muli', 2, 256, 2)
[0, 65536, 11520, 9532531, 44, 20]
20 ('gtrr', 2, 1, 2)
[0, 65536, 0, 9532531, 44, 21]
21 ('addr', 2, 5, 5)
[0, 65536, 0, 9532531, 44, 22]
22 ('addi', 5, 1, 5)
[0, 65536, 0, 9532531, 44, 24]
24 ('addi', 4, 1, 4)
[0, 65536, 0, 9532531, 45, 25]
25 ('seti', 17, 5, 5)
[0, 65536, 0, 9532531, 45, 18]
18 ('addi', 4, 1, 2)
[0, 65536, 46, 9532531, 45, 19]
19 ('muli', 2, 256, 2)
[0, 65536, 11776, 9532531, 45, 20]
20 ('gtrr', 2, 1, 2)
[0, 65536, 0, 9532531, 45, 21]
21 ('addr', 2, 5, 5)
[0, 65536, 0, 9532531, 45, 22]
22 ('addi', 5, 1, 5)
[0, 65536, 0, 9532531, 45, 24]
24 ('addi', 4, 1, 4)
[0, 65536, 0, 9532531, 46, 25]
25 ('seti', 17, 5, 5)
[0, 65536, 0, 9532531, 46, 18]
18 ('addi', 4, 1, 2)
[0, 65536, 47, 9532531, 46, 19]
19 ('muli', 2, 256, 2)
[0, 65536, 12032, 9532531, 46, 20]
20 ('gtrr', 2, 1, 2)
[0, 65536, 0, 9532531, 46, 21]
21 ('addr', 2, 5, 5)
[0, 65536, 0, 9532531, 46, 22]
22 ('addi', 5, 1, 5)
[0, 65536, 0, 9532531, 46, 24]
24 ('addi', 4, 1, 4)
[0, 65536, 0, 9532531, 47, 25]
25 ('seti', 17, 5, 5)
[0, 65536, 0, 9532531, 47, 18]
18 ('addi', 4, 1, 2)
[0, 65536, 48, 9532531, 47, 19]
19 ('muli', 2, 256, 2)
[0, 65536, 12288, 9532531, 47, 20]
20 ('gtrr', 2, 1, 2)
[0, 65536, 0, 9532531, 47, 21]
21 ('addr', 2, 5, 5)
[0, 65536, 0, 9532531, 47, 22]
22 ('addi', 5, 1, 5)
[0, 65536, 0, 9532531, 47, 24]
24 ('addi', 4, 1, 4)
[0, 65536, 0, 9532531, 48, 25]
25 ('seti', 17, 5, 5)
[0, 65536, 0, 9532531, 48, 18]
18 ('addi', 4, 1, 2)
[0, 65536, 49, 9532531, 48, 19]
19 ('muli', 2, 256, 2)
[0, 65536, 12544, 9532531, 48, 20]
20 ('gtrr', 2, 1, 2)
[0, 65536, 0, 9532531, 48, 21]
21 ('addr', 2, 5, 5)
[0, 65536, 0, 9532531, 48, 22]
22 ('addi', 5, 1, 5)
[0, 65536, 0, 9532531, 48, 24]
24 ('addi', 4, 1, 4)
[0, 65536, 0, 9532531, 49, 25]
25 ('seti', 17, 5, 5)
[0, 65536, 0, 9532531, 49, 18]
18 ('addi', 4, 1, 2)
[0, 65536, 50, 9532531, 49, 19]
19 ('muli', 2, 256, 2)
[0, 65536, 12800, 9532531, 49, 20]
20 ('gtrr', 2, 1, 2)
[0, 65536, 0, 9532531, 49, 21]
21 ('addr', 2, 5, 5)
[0, 65536, 0, 9532531, 49, 22]
22 ('addi', 5, 1, 5)
[0, 65536, 0, 9532531, 49, 24]
24 ('addi', 4, 1, 4)
[0, 65536, 0, 9532531, 50, 25]
25 ('seti', 17, 5, 5)
[0, 65536, 0, 9532531, 50, 18]
18 ('addi', 4, 1, 2)
[0, 65536, 51, 9532531, 50, 19]
19 ('muli', 2, 256, 2)
[0, 65536, 13056, 9532531, 50, 20]
20 ('gtrr', 2, 1, 2)
[0, 65536, 0, 9532531, 50, 21]
21 ('addr', 2, 5, 5)
[0, 65536, 0, 9532531, 50, 22]
22 ('addi', 5, 1, 5)
[0, 65536, 0, 9532531, 50, 24]
24 ('addi', 4, 1, 4)
[0, 65536, 0, 9532531, 51, 25]
25 ('seti', 17, 5, 5)
[0, 65536, 0, 9532531, 51, 18]
18 ('addi', 4, 1, 2)
[0, 65536, 52, 9532531, 51, 19]
19 ('muli', 2, 256, 2)
[0, 65536, 13312, 9532531, 51, 20]
20 ('gtrr', 2, 1, 2)
[0, 65536, 0, 9532531, 51, 21]
21 ('addr', 2, 5, 5)
[0, 65536, 0, 9532531, 51, 22]
22 ('addi', 5, 1, 5)
[0, 65536, 0, 9532531, 51, 24]
24 ('addi', 4, 1, 4)
[0, 65536, 0, 9532531, 52, 25]
25 ('seti', 17, 5, 5)
[0, 65536, 0, 9532531, 52, 18]
18 ('addi', 4, 1, 2)
[0, 65536, 53, 9532531, 52, 19]
19 ('muli', 2, 256, 2)
[0, 65536, 13568, 9532531, 52, 20]
20 ('gtrr', 2, 1, 2)
[0, 65536, 0, 9532531, 52, 21]
21 ('addr', 2, 5, 5)
[0, 65536, 0, 9532531, 52, 22]
22 ('addi', 5, 1, 5)
[0, 65536, 0, 9532531, 52, 24]
24 ('addi', 4, 1, 4)
[0, 65536, 0, 9532531, 53, 25]
25 ('seti', 17, 5, 5)
[0, 65536, 0, 9532531, 53, 18]
18 ('addi', 4, 1, 2)
[0, 65536, 54, 9532531, 53, 19]
19 ('muli', 2, 256, 2)
[0, 65536, 13824, 9532531, 53, 20]
20 ('gtrr', 2, 1, 2)
[0, 65536, 0, 9532531, 53, 21]
21 ('addr', 2, 5, 5)
[0, 65536, 0, 9532531, 53, 22]
22 ('addi', 5, 1, 5)
[0, 65536, 0, 9532531, 53, 24]
24 ('addi', 4, 1, 4)
[0, 65536, 0, 9532531, 54, 25]
25 ('seti', 17, 5, 5)
[0, 65536, 0, 9532531, 54, 18]
18 ('addi', 4, 1, 2)
[0, 65536, 55, 9532531, 54, 19]
19 ('muli', 2, 256, 2)
[0, 65536, 14080, 9532531, 54, 20]
20 ('gtrr', 2, 1, 2)
[0, 65536, 0, 9532531, 54, 21]
21 ('addr', 2, 5, 5)
[0, 65536, 0, 9532531, 54, 22]
22 ('addi', 5, 1, 5)
[0, 65536, 0, 9532531, 54, 24]
24 ('addi', 4, 1, 4)
[0, 65536, 0, 9532531, 55, 25]
25 ('seti', 17, 5, 5)
[0, 65536, 0, 9532531, 55, 18]
18 ('addi', 4, 1, 2)
[0, 65536, 56, 9532531, 55, 19]
19 ('muli', 2, 256, 2)
[0, 65536, 14336, 9532531, 55, 20]
20 ('gtrr', 2, 1, 2)
[0, 65536, 0, 9532531, 55, 21]
21 ('addr', 2, 5, 5)
[0, 65536, 0, 9532531, 55, 22]
22 ('addi', 5, 1, 5)
[0, 65536, 0, 9532531, 55, 24]
24 ('addi', 4, 1, 4)
[0, 65536, 0, 9532531, 56, 25]
25 ('seti', 17, 5, 5)
[0, 65536, 0, 9532531, 56, 18]
18 ('addi', 4, 1, 2)
[0, 65536, 57, 9532531, 56, 19]
19 ('muli', 2, 256, 2)
[0, 65536, 14592, 9532531, 56, 20]
20 ('gtrr', 2, 1, 2)
[0, 65536, 0, 9532531, 56, 21]
21 ('addr', 2, 5, 5)
[0, 65536, 0, 9532531, 56, 22]
22 ('addi', 5, 1, 5)
[0, 65536, 0, 9532531, 56, 24]
24 ('addi', 4, 1, 4)
[0, 65536, 0, 9532531, 57, 25]
25 ('seti', 17, 5, 5)
[0, 65536, 0, 9532531, 57, 18]
18 ('addi', 4, 1, 2)
[0, 65536, 58, 9532531, 57, 19]
19 ('muli', 2, 256, 2)
[0, 65536, 14848, 9532531, 57, 20]
20 ('gtrr', 2, 1, 2)
[0, 65536, 0, 9532531, 57, 21]
21 ('addr', 2, 5, 5)
[0, 65536, 0, 9532531, 57, 22]
22 ('addi', 5, 1, 5)
[0, 65536, 0, 9532531, 57, 24]
24 ('addi', 4, 1, 4)
[0, 65536, 0, 9532531, 58, 25]
25 ('seti', 17, 5, 5)
[0, 65536, 0, 9532531, 58, 18]
18 ('addi', 4, 1, 2)
[0, 65536, 59, 9532531, 58, 19]
19 ('muli', 2, 256, 2)
[0, 65536, 15104, 9532531, 58, 20]
20 ('gtrr', 2, 1, 2)
[0, 65536, 0, 9532531, 58, 21]
21 ('addr', 2, 5, 5)
[0, 65536, 0, 9532531, 58, 22]
22 ('addi', 5, 1, 5)
[0, 65536, 0, 9532531, 58, 24]
24 ('addi', 4, 1, 4)
[0, 65536, 0, 9532531, 59, 25]
25 ('seti', 17, 5, 5)
[0, 65536, 0, 9532531, 59, 18]
18 ('addi', 4, 1, 2)
[0, 65536, 60, 9532531, 59, 19]
19 ('muli', 2, 256, 2)
[0, 65536, 15360, 9532531, 59, 20]
20 ('gtrr', 2, 1, 2)
[0, 65536, 0, 9532531, 59, 21]
21 ('addr', 2, 5, 5)
[0, 65536, 0, 9532531, 59, 22]
22 ('addi', 5, 1, 5)
[0, 65536, 0, 9532531, 59, 24]
24 ('addi', 4, 1, 4)
[0, 65536, 0, 9532531, 60, 25]
25 ('seti', 17, 5, 5)
[0, 65536, 0, 9532531, 60, 18]
18 ('addi', 4, 1, 2)
[0, 65536, 61, 9532531, 60, 19]
19 ('muli', 2, 256, 2)
[0, 65536, 15616, 9532531, 60, 20]
20 ('gtrr', 2, 1, 2)
[0, 65536, 0, 9532531, 60, 21]
21 ('addr', 2, 5, 5)
[0, 65536, 0, 9532531, 60, 22]
22 ('addi', 5, 1, 5)
[0, 65536, 0, 9532531, 60, 24]
24 ('addi', 4, 1, 4)
[0, 65536, 0, 9532531, 61, 25]
25 ('seti', 17, 5, 5)
[0, 65536, 0, 9532531, 61, 18]
18 ('addi', 4, 1, 2)
[0, 65536, 62, 9532531, 61, 19]
19 ('muli', 2, 256, 2)
[0, 65536, 15872, 9532531, 61, 20]
20 ('gtrr', 2, 1, 2)
[0, 65536, 0, 9532531, 61, 21]
21 ('addr', 2, 5, 5)
[0, 65536, 0, 9532531, 61, 22]
22 ('addi', 5, 1, 5)
[0, 65536, 0, 9532531, 61, 24]
24 ('addi', 4, 1, 4)
[0, 65536, 0, 9532531, 62, 25]
25 ('seti', 17, 5, 5)
[0, 65536, 0, 9532531, 62, 18]
18 ('addi', 4, 1, 2)
[0, 65536, 63, 9532531, 62, 19]
19 ('muli', 2, 256, 2)
[0, 65536, 16128, 9532531, 62, 20]
20 ('gtrr', 2, 1, 2)
[0, 65536, 0, 9532531, 62, 21]
21 ('addr', 2, 5, 5)
[0, 65536, 0, 9532531, 62, 22]
22 ('addi', 5, 1, 5)
[0, 65536, 0, 9532531, 62, 24]
24 ('addi', 4, 1, 4)
[0, 65536, 0, 9532531, 63, 25]
25 ('seti', 17, 5, 5)
[0, 65536, 0, 9532531, 63, 18]
18 ('addi', 4, 1, 2)
[0, 65536, 64, 9532531, 63, 19]
19 ('muli', 2, 256, 2)
[0, 65536, 16384, 9532531, 63, 20]
20 ('gtrr', 2, 1, 2)
[0, 65536, 0, 9532531, 63, 21]
21 ('addr', 2, 5, 5)
[0, 65536, 0, 9532531, 63, 22]
22 ('addi', 5, 1, 5)
[0, 65536, 0, 9532531, 63, 24]
24 ('addi', 4, 1, 4)
[0, 65536, 0, 9532531, 64, 25]
25 ('seti', 17, 5, 5)
[0, 65536, 0, 9532531, 64, 18]
18 ('addi', 4, 1, 2)
[0, 65536, 65, 9532531, 64, 19]
19 ('muli', 2, 256, 2)
[0, 65536, 16640, 9532531, 64, 20]
20 ('gtrr', 2, 1, 2)
[0, 65536, 0, 9532531, 64, 21]
21 ('addr', 2, 5, 5)
[0, 65536, 0, 9532531, 64, 22]
22 ('addi', 5, 1, 5)
[0, 65536, 0, 9532531, 64, 24]
24 ('addi', 4, 1, 4)
[0, 65536, 0, 9532531, 65, 25]
25 ('seti', 17, 5, 5)
[0, 65536, 0, 9532531, 65, 18]
18 ('addi', 4, 1, 2)
[0, 65536, 66, 9532531, 65, 19]
19 ('muli', 2, 256, 2)
[0, 65536, 16896, 9532531, 65, 20]
20 ('gtrr', 2, 1, 2)
[0, 65536, 0, 9532531, 65, 21]
21 ('addr', 2, 5, 5)
[0, 65536, 0, 9532531, 65, 22]
22 ('addi', 5, 1, 5)
[0, 65536, 0, 9532531, 65, 24]
24 ('addi', 4, 1, 4)
[0, 65536, 0, 9532531, 66, 25]
25 ('seti', 17, 5, 5)
[0, 65536, 0, 9532531, 66, 18]
18 ('addi', 4, 1, 2)
[0, 65536, 67, 9532531, 66, 19]
19 ('muli', 2, 256, 2)
[0, 65536, 17152, 9532531, 66, 20]
20 ('gtrr', 2, 1, 2)
[0, 65536, 0, 9532531, 66, 21]
21 ('addr', 2, 5, 5)
[0, 65536, 0, 9532531, 66, 22]
22 ('addi', 5, 1, 5)
[0, 65536, 0, 9532531, 66, 24]
24 ('addi', 4, 1, 4)
[0, 65536, 0, 9532531, 67, 25]
25 ('seti', 17, 5, 5)
[0, 65536, 0, 9532531, 67, 18]
18 ('addi', 4, 1, 2)
[0, 65536, 68, 9532531, 67, 19]
19 ('muli', 2, 256, 2)
[0, 65536, 17408, 9532531, 67, 20]
20 ('gtrr', 2, 1, 2)
[0, 65536, 0, 9532531, 67, 21]
21 ('addr', 2, 5, 5)
[0, 65536, 0, 9532531, 67, 22]
22 ('addi', 5, 1, 5)
[0, 65536, 0, 9532531, 67, 24]
24 ('addi', 4, 1, 4)
[0, 65536, 0, 9532531, 68, 25]
25 ('seti', 17, 5, 5)
[0, 65536, 0, 9532531, 68, 18]
18 ('addi', 4, 1, 2)
[0, 65536, 69, 9532531, 68, 19]
19 ('muli', 2, 256, 2)
[0, 65536, 17664, 9532531, 68, 20]
20 ('gtrr', 2, 1, 2)
[0, 65536, 0, 9532531, 68, 21]
21 ('addr', 2, 5, 5)
[0, 65536, 0, 9532531, 68, 22]
22 ('addi', 5, 1, 5)
[0, 65536, 0, 9532531, 68, 24]
24 ('addi', 4, 1, 4)
[0, 65536, 0, 9532531, 69, 25]
25 ('seti', 17, 5, 5)
[0, 65536, 0, 9532531, 69, 18]
18 ('addi', 4, 1, 2)
[0, 65536, 70, 9532531, 69, 19]
19 ('muli', 2, 256, 2)
[0, 65536, 17920, 9532531, 69, 20]
20 ('gtrr', 2, 1, 2)
[0, 65536, 0, 9532531, 69, 21]
21 ('addr', 2, 5, 5)
[0, 65536, 0, 9532531, 69, 22]
22 ('addi', 5, 1, 5)
[0, 65536, 0, 9532531, 69, 24]
24 ('addi', 4, 1, 4)
[0, 65536, 0, 9532531, 70, 25]
25 ('seti', 17, 5, 5)
[0, 65536, 0, 9532531, 70, 18]
18 ('addi', 4, 1, 2)
[0, 65536, 71, 9532531, 70, 19]
19 ('muli', 2, 256, 2)
[0, 65536, 18176, 9532531, 70, 20]
20 ('gtrr', 2, 1, 2)
[0, 65536, 0, 9532531, 70, 21]
21 ('addr', 2, 5, 5)
[0, 65536, 0, 9532531, 70, 22]
22 ('addi', 5, 1, 5)
[0, 65536, 0, 9532531, 70, 24]
24 ('addi', 4, 1, 4)
[0, 65536, 0, 9532531, 71, 25]
25 ('seti', 17, 5, 5)
[0, 65536, 0, 9532531, 71, 18]
18 ('addi', 4, 1, 2)
[0, 65536, 72, 9532531, 71, 19]
19 ('muli', 2, 256, 2)
[0, 65536, 18432, 9532531, 71, 20]
20 ('gtrr', 2, 1, 2)
[0, 65536, 0, 9532531, 71, 21]
21 ('addr', 2, 5, 5)
[0, 65536, 0, 9532531, 71, 22]
22 ('addi', 5, 1, 5)
[0, 65536, 0, 9532531, 71, 24]
24 ('addi', 4, 1, 4)
[0, 65536, 0, 9532531, 72, 25]
25 ('seti', 17, 5, 5)
[0, 65536, 0, 9532531, 72, 18]
18 ('addi', 4, 1, 2)
[0, 65536, 73, 9532531, 72, 19]
19 ('muli', 2, 256, 2)
[0, 65536, 18688, 9532531, 72, 20]
20 ('gtrr', 2, 1, 2)
[0, 65536, 0, 9532531, 72, 21]
21 ('addr', 2, 5, 5)
[0, 65536, 0, 9532531, 72, 22]
22 ('addi', 5, 1, 5)
[0, 65536, 0, 9532531, 72, 24]
24 ('addi', 4, 1, 4)
[0, 65536, 0, 9532531, 73, 25]
25 ('seti', 17, 5, 5)
[0, 65536, 0, 9532531, 73, 18]
18 ('addi', 4, 1, 2)
[0, 65536, 74, 9532531, 73, 19]
19 ('muli', 2, 256, 2)
[0, 65536, 18944, 9532531, 73, 20]
20 ('gtrr', 2, 1, 2)
[0, 65536, 0, 9532531, 73, 21]
21 ('addr', 2, 5, 5)
[0, 65536, 0, 9532531, 73, 22]
22 ('addi', 5, 1, 5)
[0, 65536, 0, 9532531, 73, 24]
24 ('addi', 4, 1, 4)
[0, 65536, 0, 9532531, 74, 25]
25 ('seti', 17, 5, 5)
[0, 65536, 0, 9532531, 74, 18]
18 ('addi', 4, 1, 2)
[0, 65536, 75, 9532531, 74, 19]
19 ('muli', 2, 256, 2)
[0, 65536, 19200, 9532531, 74, 20]
20 ('gtrr', 2, 1, 2)
[0, 65536, 0, 9532531, 74, 21]
21 ('addr', 2, 5, 5)
[0, 65536, 0, 9532531, 74, 22]
22 ('addi', 5, 1, 5)
[0, 65536, 0, 9532531, 74, 24]
24 ('addi', 4, 1, 4)
[0, 65536, 0, 9532531, 75, 25]
25 ('seti', 17, 5, 5)
[0, 65536, 0, 9532531, 75, 18]
18 ('addi', 4, 1, 2)
[0, 65536, 76, 9532531, 75, 19]
19 ('muli', 2, 256, 2)
[0, 65536, 19456, 9532531, 75, 20]
20 ('gtrr', 2, 1, 2)
[0, 65536, 0, 9532531, 75, 21]
21 ('addr', 2, 5, 5)
[0, 65536, 0, 9532531, 75, 22]
22 ('addi', 5, 1, 5)
[0, 65536, 0, 9532531, 75, 24]
24 ('addi', 4, 1, 4)
[0, 65536, 0, 9532531, 76, 25]
25 ('seti', 17, 5, 5)
[0, 65536, 0, 9532531, 76, 18]
18 ('addi', 4, 1, 2)
[0, 65536, 77, 9532531, 76, 19]
19 ('muli', 2, 256, 2)
[0, 65536, 19712, 9532531, 76, 20]
20 ('gtrr', 2, 1, 2)
[0, 65536, 0, 9532531, 76, 21]
21 ('addr', 2, 5, 5)
[0, 65536, 0, 9532531, 76, 22]
22 ('addi', 5, 1, 5)
[0, 65536, 0, 9532531, 76, 24]
24 ('addi', 4, 1, 4)
[0, 65536, 0, 9532531, 77, 25]
25 ('seti', 17, 5, 5)
[0, 65536, 0, 9532531, 77, 18]
18 ('addi', 4, 1, 2)
[0, 65536, 78, 9532531, 77, 19]
19 ('muli', 2, 256, 2)
[0, 65536, 19968, 9532531, 77, 20]
20 ('gtrr', 2, 1, 2)
[0, 65536, 0, 9532531, 77, 21]
21 ('addr', 2, 5, 5)
[0, 65536, 0, 9532531, 77, 22]
22 ('addi', 5, 1, 5)
[0, 65536, 0, 9532531, 77, 24]
24 ('addi', 4, 1, 4)
[0, 65536, 0, 9532531, 78, 25]
25 ('seti', 17, 5, 5)
[0, 65536, 0, 9532531, 78, 18]
18 ('addi', 4, 1, 2)
[0, 65536, 79, 9532531, 78, 19]
19 ('muli', 2, 256, 2)
[0, 65536, 20224, 9532531, 78, 20]
20 ('gtrr', 2, 1, 2)
[0, 65536, 0, 9532531, 78, 21]
21 ('addr', 2, 5, 5)
[0, 65536, 0, 9532531, 78, 22]
22 ('addi', 5, 1, 5)
[0, 65536, 0, 9532531, 78, 24]
24 ('addi', 4, 1, 4)
[0, 65536, 0, 9532531, 79, 25]
25 ('seti', 17, 5, 5)
[0, 65536, 0, 9532531, 79, 18]
18 ('addi', 4, 1, 2)
[0, 65536, 80, 9532531, 79, 19]
19 ('muli', 2, 256, 2)
[0, 65536, 20480, 9532531, 79, 20]
20 ('gtrr', 2, 1, 2)
[0, 65536, 0, 9532531, 79, 21]
21 ('addr', 2, 5, 5)
[0, 65536, 0, 9532531, 79, 22]
22 ('addi', 5, 1, 5)
[0, 65536, 0, 9532531, 79, 24]
24 ('addi', 4, 1, 4)
[0, 65536, 0, 9532531, 80, 25]
25 ('seti', 17, 5, 5)
[0, 65536, 0, 9532531, 80, 18]
18 ('addi', 4, 1, 2)
[0, 65536, 81, 9532531, 80, 19]
19 ('muli', 2, 256, 2)
[0, 65536, 20736, 9532531, 80, 20]
20 ('gtrr', 2, 1, 2)
[0, 65536, 0, 9532531, 80, 21]
21 ('addr', 2, 5, 5)
[0, 65536, 0, 9532531, 80, 22]
22 ('addi', 5, 1, 5)
[0, 65536, 0, 9532531, 80, 24]
24 ('addi', 4, 1, 4)
[0, 65536, 0, 9532531, 81, 25]
25 ('seti', 17, 5, 5)
[0, 65536, 0, 9532531, 81, 18]
18 ('addi', 4, 1, 2)
[0, 65536, 82, 9532531, 81, 19]
19 ('muli', 2, 256, 2)
[0, 65536, 20992, 9532531, 81, 20]
20 ('gtrr', 2, 1, 2)
[0, 65536, 0, 9532531, 81, 21]
21 ('addr', 2, 5, 5)
[0, 65536, 0, 9532531, 81, 22]
22 ('addi', 5, 1, 5)
[0, 65536, 0, 9532531, 81, 24]
24 ('addi', 4, 1, 4)
[0, 65536, 0, 9532531, 82, 25]
25 ('seti', 17, 5, 5)
[0, 65536, 0, 9532531, 82, 18]
18 ('addi', 4, 1, 2)
[0, 65536, 83, 9532531, 82, 19]
19 ('muli', 2, 256, 2)
[0, 65536, 21248, 9532531, 82, 20]
20 ('gtrr', 2, 1, 2)
[0, 65536, 0, 9532531, 82, 21]
21 ('addr', 2, 5, 5)
[0, 65536, 0, 9532531, 82, 22]
22 ('addi', 5, 1, 5)
[0, 65536, 0, 9532531, 82, 24]
24 ('addi', 4, 1, 4)
[0, 65536, 0, 9532531, 83, 25]
25 ('seti', 17, 5, 5)
[0, 65536, 0, 9532531, 83, 18]
18 ('addi', 4, 1, 2)
[0, 65536, 84, 9532531, 83, 19]
19 ('muli', 2, 256, 2)
[0, 65536, 21504, 9532531, 83, 20]
20 ('gtrr', 2, 1, 2)
[0, 65536, 0, 9532531, 83, 21]
21 ('addr', 2, 5, 5)
[0, 65536, 0, 9532531, 83, 22]
22 ('addi', 5, 1, 5)
[0, 65536, 0, 9532531, 83, 24]
24 ('addi', 4, 1, 4)
[0, 65536, 0, 9532531, 84, 25]
25 ('seti', 17, 5, 5)
[0, 65536, 0, 9532531, 84, 18]
18 ('addi', 4, 1, 2)
[0, 65536, 85, 9532531, 84, 19]
19 ('muli', 2, 256, 2)
[0, 65536, 21760, 9532531, 84, 20]
20 ('gtrr', 2, 1, 2)
[0, 65536, 0, 9532531, 84, 21]
21 ('addr', 2, 5, 5)
[0, 65536, 0, 9532531, 84, 22]
22 ('addi', 5, 1, 5)
[0, 65536, 0, 9532531, 84, 24]
24 ('addi', 4, 1, 4)
[0, 65536, 0, 9532531, 85, 25]
25 ('seti', 17, 5, 5)
[0, 65536, 0, 9532531, 85, 18]
18 ('addi', 4, 1, 2)
[0, 65536, 86, 9532531, 85, 19]
19 ('muli', 2, 256, 2)
[0, 65536, 22016, 9532531, 85, 20]
20 ('gtrr', 2, 1, 2)
[0, 65536, 0, 9532531, 85, 21]
21 ('addr', 2, 5, 5)
[0, 65536, 0, 9532531, 85, 22]
22 ('addi', 5, 1, 5)
[0, 65536, 0, 9532531, 85, 24]
24 ('addi', 4, 1, 4)
[0, 65536, 0, 9532531, 86, 25]
25 ('seti', 17, 5, 5)
[0, 65536, 0, 9532531, 86, 18]
18 ('addi', 4, 1, 2)
[0, 65536, 87, 9532531, 86, 19]
19 ('muli', 2, 256, 2)
[0, 65536, 22272, 9532531, 86, 20]
20 ('gtrr', 2, 1, 2)
[0, 65536, 0, 9532531, 86, 21]
21 ('addr', 2, 5, 5)
[0, 65536, 0, 9532531, 86, 22]
22 ('addi', 5, 1, 5)
[0, 65536, 0, 9532531, 86, 24]
24 ('addi', 4, 1, 4)
[0, 65536, 0, 9532531, 87, 25]
25 ('seti', 17, 5, 5)
[0, 65536, 0, 9532531, 87, 18]
18 ('addi', 4, 1, 2)
[0, 65536, 88, 9532531, 87, 19]
19 ('muli', 2, 256, 2)
[0, 65536, 22528, 9532531, 87, 20]
20 ('gtrr', 2, 1, 2)
[0, 65536, 0, 9532531, 87, 21]
21 ('addr', 2, 5, 5)
[0, 65536, 0, 9532531, 87, 22]
22 ('addi', 5, 1, 5)
[0, 65536, 0, 9532531, 87, 24]
24 ('addi', 4, 1, 4)
[0, 65536, 0, 9532531, 88, 25]
25 ('seti', 17, 5, 5)
[0, 65536, 0, 9532531, 88, 18]
18 ('addi', 4, 1, 2)
[0, 65536, 89, 9532531, 88, 19]
19 ('muli', 2, 256, 2)
[0, 65536, 22784, 9532531, 88, 20]
20 ('gtrr', 2, 1, 2)
[0, 65536, 0, 9532531, 88, 21]
21 ('addr', 2, 5, 5)
[0, 65536, 0, 9532531, 88, 22]
22 ('addi', 5, 1, 5)
[0, 65536, 0, 9532531, 88, 24]
24 ('addi', 4, 1, 4)
[0, 65536, 0, 9532531, 89, 25]
25 ('seti', 17, 5, 5)
[0, 65536, 0, 9532531, 89, 18]
18 ('addi', 4, 1, 2)
[0, 65536, 90, 9532531, 89, 19]
19 ('muli', 2, 256, 2)
[0, 65536, 23040, 9532531, 89, 20]
20 ('gtrr', 2, 1, 2)
[0, 65536, 0, 9532531, 89, 21]
21 ('addr', 2, 5, 5)
[0, 65536, 0, 9532531, 89, 22]
22 ('addi', 5, 1, 5)
[0, 65536, 0, 9532531, 89, 24]
24 ('addi', 4, 1, 4)
[0, 65536, 0, 9532531, 90, 25]
25 ('seti', 17, 5, 5)
[0, 65536, 0, 9532531, 90, 18]
18 ('addi', 4, 1, 2)
[0, 65536, 91, 9532531, 90, 19]
19 ('muli', 2, 256, 2)
[0, 65536, 23296, 9532531, 90, 20]
20 ('gtrr', 2, 1, 2)
[0, 65536, 0, 9532531, 90, 21]
21 ('addr', 2, 5, 5)
[0, 65536, 0, 9532531, 90, 22]
22 ('addi', 5, 1, 5)
[0, 65536, 0, 9532531, 90, 24]
24 ('addi', 4, 1, 4)
[0, 65536, 0, 9532531, 91, 25]
25 ('seti', 17, 5, 5)
[0, 65536, 0, 9532531, 91, 18]
18 ('addi', 4, 1, 2)
[0, 65536, 92, 9532531, 91, 19]
19 ('muli', 2, 256, 2)
[0, 65536, 23552, 9532531, 91, 20]
20 ('gtrr', 2, 1, 2)
[0, 65536, 0, 9532531, 91, 21]
21 ('addr', 2, 5, 5)
[0, 65536, 0, 9532531, 91, 22]
22 ('addi', 5, 1, 5)
[0, 65536, 0, 9532531, 91, 24]
24 ('addi', 4, 1, 4)
[0, 65536, 0, 9532531, 92, 25]
25 ('seti', 17, 5, 5)
[0, 65536, 0, 9532531, 92, 18]
18 ('addi', 4, 1, 2)
[0, 65536, 93, 9532531, 92, 19]
19 ('muli', 2, 256, 2)
[0, 65536, 23808, 9532531, 92, 20]
20 ('gtrr', 2, 1, 2)
[0, 65536, 0, 9532531, 92, 21]
21 ('addr', 2, 5, 5)
[0, 65536, 0, 9532531, 92, 22]
22 ('addi', 5, 1, 5)
[0, 65536, 0, 9532531, 92, 24]
24 ('addi', 4, 1, 4)
[0, 65536, 0, 9532531, 93, 25]
25 ('seti', 17, 5, 5)
[0, 65536, 0, 9532531, 93, 18]
18 ('addi', 4, 1, 2)
[0, 65536, 94, 9532531, 93, 19]
19 ('muli', 2, 256, 2)
[0, 65536, 24064, 9532531, 93, 20]
20 ('gtrr', 2, 1, 2)
[0, 65536, 0, 9532531, 93, 21]
21 ('addr', 2, 5, 5)
[0, 65536, 0, 9532531, 93, 22]
22 ('addi', 5, 1, 5)
[0, 65536, 0, 9532531, 93, 24]
24 ('addi', 4, 1, 4)
[0, 65536, 0, 9532531, 94, 25]
25 ('seti', 17, 5, 5)
[0, 65536, 0, 9532531, 94, 18]
18 ('addi', 4, 1, 2)
[0, 65536, 95, 9532531, 94, 19]
19 ('muli', 2, 256, 2)
[0, 65536, 24320, 9532531, 94, 20]
20 ('gtrr', 2, 1, 2)
[0, 65536, 0, 9532531, 94, 21]
21 ('addr', 2, 5, 5)
[0, 65536, 0, 9532531, 94, 22]
22 ('addi', 5, 1, 5)
[0, 65536, 0, 9532531, 94, 24]
24 ('addi', 4, 1, 4)
[0, 65536, 0, 9532531, 95, 25]
25 ('seti', 17, 5, 5)
[0, 65536, 0, 9532531, 95, 18]
18 ('addi', 4, 1, 2)
[0, 65536, 96, 9532531, 95, 19]
19 ('muli', 2, 256, 2)
[0, 65536, 24576, 9532531, 95, 20]
20 ('gtrr', 2, 1, 2)
[0, 65536, 0, 9532531, 95, 21]
21 ('addr', 2, 5, 5)
[0, 65536, 0, 9532531, 95, 22]
22 ('addi', 5, 1, 5)
[0, 65536, 0, 9532531, 95, 24]
24 ('addi', 4, 1, 4)
[0, 65536, 0, 9532531, 96, 25]
25 ('seti', 17, 5, 5)
[0, 65536, 0, 9532531, 96, 18]
18 ('addi', 4, 1, 2)
[0, 65536, 97, 9532531, 96, 19]
19 ('muli', 2, 256, 2)
[0, 65536, 24832, 9532531, 96, 20]
20 ('gtrr', 2, 1, 2)
[0, 65536, 0, 9532531, 96, 21]
21 ('addr', 2, 5, 5)
[0, 65536, 0, 9532531, 96, 22]
22 ('addi', 5, 1, 5)
[0, 65536, 0, 9532531, 96, 24]
24 ('addi', 4, 1, 4)
[0, 65536, 0, 9532531, 97, 25]
25 ('seti', 17, 5, 5)
[0, 65536, 0, 9532531, 97, 18]
18 ('addi', 4, 1, 2)
[0, 65536, 98, 9532531, 97, 19]
19 ('muli', 2, 256, 2)
[0, 65536, 25088, 9532531, 97, 20]
20 ('gtrr', 2, 1, 2)
[0, 65536, 0, 9532531, 97, 21]
21 ('addr', 2, 5, 5)
[0, 65536, 0, 9532531, 97, 22]
22 ('addi', 5, 1, 5)
[0, 65536, 0, 9532531, 97, 24]
24 ('addi', 4, 1, 4)
[0, 65536, 0, 9532531, 98, 25]
25 ('seti', 17, 5, 5)
[0, 65536, 0, 9532531, 98, 18]
18 ('addi', 4, 1, 2)
[0, 65536, 99, 9532531, 98, 19]
19 ('muli', 2, 256, 2)
[0, 65536, 25344, 9532531, 98, 20]
20 ('gtrr', 2, 1, 2)
[0, 65536, 0, 9532531, 98, 21]
21 ('addr', 2, 5, 5)
[0, 65536, 0, 9532531, 98, 22]
22 ('addi', 5, 1, 5)
[0, 65536, 0, 9532531, 98, 24]
24 ('addi', 4, 1, 4)
[0, 65536, 0, 9532531, 99, 25]
25 ('seti', 17, 5, 5)
[0, 65536, 0, 9532531, 99, 18]
18 ('addi', 4, 1, 2)
[0, 65536, 100, 9532531, 99, 19]
19 ('muli', 2, 256, 2)
[0, 65536, 25600, 9532531, 99, 20]
20 ('gtrr', 2, 1, 2)
[0, 65536, 0, 9532531, 99, 21]
21 ('addr', 2, 5, 5)
[0, 65536, 0, 9532531, 99, 22]
22 ('addi', 5, 1, 5)
[0, 65536, 0, 9532531, 99, 24]
24 ('addi', 4, 1, 4)
[0, 65536, 0, 9532531, 100, 25]
25 ('seti', 17, 5, 5)
[0, 65536, 0, 9532531, 100, 18]
18 ('addi', 4, 1, 2)
[0, 65536, 101, 9532531, 100, 19]
19 ('muli', 2, 256, 2)
[0, 65536, 25856, 9532531, 100, 20]
20 ('gtrr', 2, 1, 2)
[0, 65536, 0, 9532531, 100, 21]
21 ('addr', 2, 5, 5)
[0, 65536, 0, 9532531, 100, 22]
22 ('addi', 5, 1, 5)
[0, 65536, 0, 9532531, 100, 24]
24 ('addi', 4, 1, 4)
[0, 65536, 0, 9532531, 101, 25]
25 ('seti', 17, 5, 5)
[0, 65536, 0, 9532531, 101, 18]
18 ('addi', 4, 1, 2)
[0, 65536, 102, 9532531, 101, 19]
19 ('muli', 2, 256, 2)
[0, 65536, 26112, 9532531, 101, 20]
20 ('gtrr', 2, 1, 2)
[0, 65536, 0, 9532531, 101, 21]
21 ('addr', 2, 5, 5)
[0, 65536, 0, 9532531, 101, 22]
22 ('addi', 5, 1, 5)
[0, 65536, 0, 9532531, 101, 24]
24 ('addi', 4, 1, 4)
[0, 65536, 0, 9532531, 102, 25]
25 ('seti', 17, 5, 5)
[0, 65536, 0, 9532531, 102, 18]
18 ('addi', 4, 1, 2)
[0, 65536, 103, 9532531, 102, 19]
19 ('muli', 2, 256, 2)
[0, 65536, 26368, 9532531, 102, 20]
20 ('gtrr', 2, 1, 2)
[0, 65536, 0, 9532531, 102, 21]
21 ('addr', 2, 5, 5)
[0, 65536, 0, 9532531, 102, 22]
22 ('addi', 5, 1, 5)
[0, 65536, 0, 9532531, 102, 24]
24 ('addi', 4, 1, 4)
[0, 65536, 0, 9532531, 103, 25]
25 ('seti', 17, 5, 5)
[0, 65536, 0, 9532531, 103, 18]
18 ('addi', 4, 1, 2)
[0, 65536, 104, 9532531, 103, 19]
19 ('muli', 2, 256, 2)
[0, 65536, 26624, 9532531, 103, 20]
20 ('gtrr', 2, 1, 2)
[0, 65536, 0, 9532531, 103, 21]
21 ('addr', 2, 5, 5)
[0, 65536, 0, 9532531, 103, 22]
22 ('addi', 5, 1, 5)
[0, 65536, 0, 9532531, 103, 24]
24 ('addi', 4, 1, 4)
[0, 65536, 0, 9532531, 104, 25]
25 ('seti', 17, 5, 5)
[0, 65536, 0, 9532531, 104, 18]
18 ('addi', 4, 1, 2)
[0, 65536, 105, 9532531, 104, 19]
19 ('muli', 2, 256, 2)
[0, 65536, 26880, 9532531, 104, 20]
20 ('gtrr', 2, 1, 2)
[0, 65536, 0, 9532531, 104, 21]
21 ('addr', 2, 5, 5)
[0, 65536, 0, 9532531, 104, 22]
22 ('addi', 5, 1, 5)
[0, 65536, 0, 9532531, 104, 24]
24 ('addi', 4, 1, 4)
[0, 65536, 0, 9532531, 105, 25]
25 ('seti', 17, 5, 5)
[0, 65536, 0, 9532531, 105, 18]
18 ('addi', 4, 1, 2)
[0, 65536, 106, 9532531, 105, 19]
19 ('muli', 2, 256, 2)
[0, 65536, 27136, 9532531, 105, 20]
20 ('gtrr', 2, 1, 2)
[0, 65536, 0, 9532531, 105, 21]
21 ('addr', 2, 5, 5)
[0, 65536, 0, 9532531, 105, 22]
22 ('addi', 5, 1, 5)
[0, 65536, 0, 9532531, 105, 24]
24 ('addi', 4, 1, 4)
[0, 65536, 0, 9532531, 106, 25]
25 ('seti', 17, 5, 5)
[0, 65536, 0, 9532531, 106, 18]
18 ('addi', 4, 1, 2)
[0, 65536, 107, 9532531, 106, 19]
19 ('muli', 2, 256, 2)
[0, 65536, 27392, 9532531, 106, 20]
20 ('gtrr', 2, 1, 2)
[0, 65536, 0, 9532531, 106, 21]
21 ('addr', 2, 5, 5)
[0, 65536, 0, 9532531, 106, 22]
22 ('addi', 5, 1, 5)
[0, 65536, 0, 9532531, 106, 24]
24 ('addi', 4, 1, 4)
[0, 65536, 0, 9532531, 107, 25]
25 ('seti', 17, 5, 5)
[0, 65536, 0, 9532531, 107, 18]
18 ('addi', 4, 1, 2)
[0, 65536, 108, 9532531, 107, 19]
19 ('muli', 2, 256, 2)
[0, 65536, 27648, 9532531, 107, 20]
20 ('gtrr', 2, 1, 2)
[0, 65536, 0, 9532531, 107, 21]
21 ('addr', 2, 5, 5)
[0, 65536, 0, 9532531, 107, 22]
22 ('addi', 5, 1, 5)
[0, 65536, 0, 9532531, 107, 24]
24 ('addi', 4, 1, 4)
[0, 65536, 0, 9532531, 108, 25]
25 ('seti', 17, 5, 5)
[0, 65536, 0, 9532531, 108, 18]
18 ('addi', 4, 1, 2)
[0, 65536, 109, 9532531, 108, 19]
19 ('muli', 2, 256, 2)
[0, 65536, 27904, 9532531, 108, 20]
20 ('gtrr', 2, 1, 2)
[0, 65536, 0, 9532531, 108, 21]
21 ('addr', 2, 5, 5)
[0, 65536, 0, 9532531, 108, 22]
22 ('addi', 5, 1, 5)
[0, 65536, 0, 9532531, 108, 24]
24 ('addi', 4, 1, 4)
[0, 65536, 0, 9532531, 109, 25]
25 ('seti', 17, 5, 5)
[0, 65536, 0, 9532531, 109, 18]
18 ('addi', 4, 1, 2)
[0, 65536, 110, 9532531, 109, 19]
19 ('muli', 2, 256, 2)
[0, 65536, 28160, 9532531, 109, 20]
20 ('gtrr', 2, 1, 2)
[0, 65536, 0, 9532531, 109, 21]
21 ('addr', 2, 5, 5)
[0, 65536, 0, 9532531, 109, 22]
22 ('addi', 5, 1, 5)
[0, 65536, 0, 9532531, 109, 24]
24 ('addi', 4, 1, 4)
[0, 65536, 0, 9532531, 110, 25]
25 ('seti', 17, 5, 5)
[0, 65536, 0, 9532531, 110, 18]
18 ('addi', 4, 1, 2)
[0, 65536, 111, 9532531, 110, 19]
19 ('muli', 2, 256, 2)
[0, 65536, 28416, 9532531, 110, 20]
20 ('gtrr', 2, 1, 2)
[0, 65536, 0, 9532531, 110, 21]
21 ('addr', 2, 5, 5)
[0, 65536, 0, 9532531, 110, 22]
22 ('addi', 5, 1, 5)
[0, 65536, 0, 9532531, 110, 24]
24 ('addi', 4, 1, 4)
[0, 65536, 0, 9532531, 111, 25]
25 ('seti', 17, 5, 5)
[0, 65536, 0, 9532531, 111, 18]
18 ('addi', 4, 1, 2)
[0, 65536, 112, 9532531, 111, 19]
19 ('muli', 2, 256, 2)
[0, 65536, 28672, 9532531, 111, 20]
20 ('gtrr', 2, 1, 2)
[0, 65536, 0, 9532531, 111, 21]
21 ('addr', 2, 5, 5)
[0, 65536, 0, 9532531, 111, 22]
22 ('addi', 5, 1, 5)
[0, 65536, 0, 9532531, 111, 24]
24 ('addi', 4, 1, 4)
[0, 65536, 0, 9532531, 112, 25]
25 ('seti', 17, 5, 5)
[0, 65536, 0, 9532531, 112, 18]
18 ('addi', 4, 1, 2)
[0, 65536, 113, 9532531, 112, 19]
19 ('muli', 2, 256, 2)
[0, 65536, 28928, 9532531, 112, 20]
20 ('gtrr', 2, 1, 2)
[0, 65536, 0, 9532531, 112, 21]
21 ('addr', 2, 5, 5)
[0, 65536, 0, 9532531, 112, 22]
22 ('addi', 5, 1, 5)
[0, 65536, 0, 9532531, 112, 24]
24 ('addi', 4, 1, 4)
[0, 65536, 0, 9532531, 113, 25]
25 ('seti', 17, 5, 5)
[0, 65536, 0, 9532531, 113, 18]
18 ('addi', 4, 1, 2)
[0, 65536, 114, 9532531, 113, 19]
19 ('muli', 2, 256, 2)
[0, 65536, 29184, 9532531, 113, 20]
20 ('gtrr', 2, 1, 2)
[0, 65536, 0, 9532531, 113, 21]
21 ('addr', 2, 5, 5)
[0, 65536, 0, 9532531, 113, 22]
22 ('addi', 5, 1, 5)
[0, 65536, 0, 9532531, 113, 24]
24 ('addi', 4, 1, 4)
[0, 65536, 0, 9532531, 114, 25]
25 ('seti', 17, 5, 5)
[0, 65536, 0, 9532531, 114, 18]
18 ('addi', 4, 1, 2)
[0, 65536, 115, 9532531, 114, 19]
19 ('muli', 2, 256, 2)
[0, 65536, 29440, 9532531, 114, 20]
20 ('gtrr', 2, 1, 2)
[0, 65536, 0, 9532531, 114, 21]
21 ('addr', 2, 5, 5)
[0, 65536, 0, 9532531, 114, 22]
22 ('addi', 5, 1, 5)
[0, 65536, 0, 9532531, 114, 24]
24 ('addi', 4, 1, 4)
[0, 65536, 0, 9532531, 115, 25]
25 ('seti', 17, 5, 5)
[0, 65536, 0, 9532531, 115, 18]
18 ('addi', 4, 1, 2)
[0, 65536, 116, 9532531, 115, 19]
19 ('muli', 2, 256, 2)
[0, 65536, 29696, 9532531, 115, 20]
20 ('gtrr', 2, 1, 2)
[0, 65536, 0, 9532531, 115, 21]
21 ('addr', 2, 5, 5)
[0, 65536, 0, 9532531, 115, 22]
22 ('addi', 5, 1, 5)
[0, 65536, 0, 9532531, 115, 24]
24 ('addi', 4, 1, 4)
[0, 65536, 0, 9532531, 116, 25]
25 ('seti', 17, 5, 5)
[0, 65536, 0, 9532531, 116, 18]
18 ('addi', 4, 1, 2)
[0, 65536, 117, 9532531, 116, 19]
19 ('muli', 2, 256, 2)
[0, 65536, 29952, 9532531, 116, 20]
20 ('gtrr', 2, 1, 2)
[0, 65536, 0, 9532531, 116, 21]
21 ('addr', 2, 5, 5)
[0, 65536, 0, 9532531, 116, 22]
22 ('addi', 5, 1, 5)
[0, 65536, 0, 9532531, 116, 24]
24 ('addi', 4, 1, 4)
[0, 65536, 0, 9532531, 117, 25]
25 ('seti', 17, 5, 5)
[0, 65536, 0, 9532531, 117, 18]
18 ('addi', 4, 1, 2)
[0, 65536, 118, 9532531, 117, 19]
19 ('muli', 2, 256, 2)
[0, 65536, 30208, 9532531, 117, 20]
20 ('gtrr', 2, 1, 2)
[0, 65536, 0, 9532531, 117, 21]
21 ('addr', 2, 5, 5)
[0, 65536, 0, 9532531, 117, 22]
22 ('addi', 5, 1, 5)
[0, 65536, 0, 9532531, 117, 24]
24 ('addi', 4, 1, 4)
[0, 65536, 0, 9532531, 118, 25]
25 ('seti', 17, 5, 5)
[0, 65536, 0, 9532531, 118, 18]
18 ('addi', 4, 1, 2)
[0, 65536, 119, 9532531, 118, 19]
19 ('muli', 2, 256, 2)
[0, 65536, 30464, 9532531, 118, 20]
20 ('gtrr', 2, 1, 2)
[0, 65536, 0, 9532531, 118, 21]
21 ('addr', 2, 5, 5)
[0, 65536, 0, 9532531, 118, 22]
22 ('addi', 5, 1, 5)
[0, 65536, 0, 9532531, 118, 24]
24 ('addi', 4, 1, 4)
[0, 65536, 0, 9532531, 119, 25]
25 ('seti', 17, 5, 5)
[0, 65536, 0, 9532531, 119, 18]
18 ('addi', 4, 1, 2)
[0, 65536, 120, 9532531, 119, 19]
19 ('muli', 2, 256, 2)
[0, 65536, 30720, 9532531, 119, 20]
20 ('gtrr', 2, 1, 2)
[0, 65536, 0, 9532531, 119, 21]
21 ('addr', 2, 5, 5)
[0, 65536, 0, 9532531, 119, 22]
22 ('addi', 5, 1, 5)
[0, 65536, 0, 9532531, 119, 24]
24 ('addi', 4, 1, 4)
[0, 65536, 0, 9532531, 120, 25]
25 ('seti', 17, 5, 5)
[0, 65536, 0, 9532531, 120, 18]
18 ('addi', 4, 1, 2)
[0, 65536, 121, 9532531, 120, 19]
19 ('muli', 2, 256, 2)
[0, 65536, 30976, 9532531, 120, 20]
20 ('gtrr', 2, 1, 2)
[0, 65536, 0, 9532531, 120, 21]
21 ('addr', 2, 5, 5)
[0, 65536, 0, 9532531, 120, 22]
22 ('addi', 5, 1, 5)
[0, 65536, 0, 9532531, 120, 24]
24 ('addi', 4, 1, 4)
[0, 65536, 0, 9532531, 121, 25]
25 ('seti', 17, 5, 5)
[0, 65536, 0, 9532531, 121, 18]
18 ('addi', 4, 1, 2)
[0, 65536, 122, 9532531, 121, 19]
19 ('muli', 2, 256, 2)
[0, 65536, 31232, 9532531, 121, 20]
20 ('gtrr', 2, 1, 2)
[0, 65536, 0, 9532531, 121, 21]
21 ('addr', 2, 5, 5)
[0, 65536, 0, 9532531, 121, 22]
22 ('addi', 5, 1, 5)
[0, 65536, 0, 9532531, 121, 24]
24 ('addi', 4, 1, 4)
[0, 65536, 0, 9532531, 122, 25]
25 ('seti', 17, 5, 5)
[0, 65536, 0, 9532531, 122, 18]
18 ('addi', 4, 1, 2)
[0, 65536, 123, 9532531, 122, 19]
19 ('muli', 2, 256, 2)
[0, 65536, 31488, 9532531, 122, 20]
20 ('gtrr', 2, 1, 2)
[0, 65536, 0, 9532531, 122, 21]
21 ('addr', 2, 5, 5)
[0, 65536, 0, 9532531, 122, 22]
22 ('addi', 5, 1, 5)
[0, 65536, 0, 9532531, 122, 24]
24 ('addi', 4, 1, 4)
[0, 65536, 0, 9532531, 123, 25]
25 ('seti', 17, 5, 5)
[0, 65536, 0, 9532531, 123, 18]
18 ('addi', 4, 1, 2)
[0, 65536, 124, 9532531, 123, 19]
19 ('muli', 2, 256, 2)
[0, 65536, 31744, 9532531, 123, 20]
20 ('gtrr', 2, 1, 2)
[0, 65536, 0, 9532531, 123, 21]
21 ('addr', 2, 5, 5)
[0, 65536, 0, 9532531, 123, 22]
22 ('addi', 5, 1, 5)
[0, 65536, 0, 9532531, 123, 24]
24 ('addi', 4, 1, 4)
[0, 65536, 0, 9532531, 124, 25]
25 ('seti', 17, 5, 5)
[0, 65536, 0, 9532531, 124, 18]
18 ('addi', 4, 1, 2)
[0, 65536, 125, 9532531, 124, 19]
19 ('muli', 2, 256, 2)
[0, 65536, 32000, 9532531, 124, 20]
20 ('gtrr', 2, 1, 2)
[0, 65536, 0, 9532531, 124, 21]
21 ('addr', 2, 5, 5)
[0, 65536, 0, 9532531, 124, 22]
22 ('addi', 5, 1, 5)
[0, 65536, 0, 9532531, 124, 24]
24 ('addi', 4, 1, 4)
[0, 65536, 0, 9532531, 125, 25]
25 ('seti', 17, 5, 5)
[0, 65536, 0, 9532531, 125, 18]
18 ('addi', 4, 1, 2)
[0, 65536, 126, 9532531, 125, 19]
19 ('muli', 2, 256, 2)
[0, 65536, 32256, 9532531, 125, 20]
20 ('gtrr', 2, 1, 2)
[0, 65536, 0, 9532531, 125, 21]
21 ('addr', 2, 5, 5)
[0, 65536, 0, 9532531, 125, 22]
22 ('addi', 5, 1, 5)
[0, 65536, 0, 9532531, 125, 24]
24 ('addi', 4, 1, 4)
[0, 65536, 0, 9532531, 126, 25]
25 ('seti', 17, 5, 5)
[0, 65536, 0, 9532531, 126, 18]
18 ('addi', 4, 1, 2)
[0, 65536, 127, 9532531, 126, 19]
19 ('muli', 2, 256, 2)
[0, 65536, 32512, 9532531, 126, 20]
20 ('gtrr', 2, 1, 2)
[0, 65536, 0, 9532531, 126, 21]
21 ('addr', 2, 5, 5)
[0, 65536, 0, 9532531, 126, 22]
22 ('addi', 5, 1, 5)
[0, 65536, 0, 9532531, 126, 24]
24 ('addi', 4, 1, 4)
[0, 65536, 0, 9532531, 127, 25]
25 ('seti', 17, 5, 5)
[0, 65536, 0, 9532531, 127, 18]
18 ('addi', 4, 1, 2)
[0, 65536, 128, 9532531, 127, 19]
19 ('muli', 2, 256, 2)
[0, 65536, 32768, 9532531, 127, 20]
20 ('gtrr', 2, 1, 2)
[0, 65536, 0, 9532531, 127, 21]
21 ('addr', 2, 5, 5)
[0, 65536, 0, 9532531, 127, 22]
22 ('addi', 5, 1, 5)
[0, 65536, 0, 9532531, 127, 24]
24 ('addi', 4, 1, 4)
[0, 65536, 0, 9532531, 128, 25]
25 ('seti', 17, 5, 5)
[0, 65536, 0, 9532531, 128, 18]
18 ('addi', 4, 1, 2)
[0, 65536, 129, 9532531, 128, 19]
19 ('muli', 2, 256, 2)
[0, 65536, 33024, 9532531, 128, 20]
20 ('gtrr', 2, 1, 2)
[0, 65536, 0, 9532531, 128, 21]
21 ('addr', 2, 5, 5)
[0, 65536, 0, 9532531, 128, 22]
22 ('addi', 5, 1, 5)
[0, 65536, 0, 9532531, 128, 24]
24 ('addi', 4, 1, 4)
[0, 65536, 0, 9532531, 129, 25]
25 ('seti', 17, 5, 5)
[0, 65536, 0, 9532531, 129, 18]
18 ('addi', 4, 1, 2)
[0, 65536, 130, 9532531, 129, 19]
19 ('muli', 2, 256, 2)
[0, 65536, 33280, 9532531, 129, 20]
20 ('gtrr', 2, 1, 2)
[0, 65536, 0, 9532531, 129, 21]
21 ('addr', 2, 5, 5)
[0, 65536, 0, 9532531, 129, 22]
22 ('addi', 5, 1, 5)
[0, 65536, 0, 9532531, 129, 24]
24 ('addi', 4, 1, 4)
[0, 65536, 0, 9532531, 130, 25]
25 ('seti', 17, 5, 5)
[0, 65536, 0, 9532531, 130, 18]
18 ('addi', 4, 1, 2)
[0, 65536, 131, 9532531, 130, 19]
19 ('muli', 2, 256, 2)
[0, 65536, 33536, 9532531, 130, 20]
20 ('gtrr', 2, 1, 2)
[0, 65536, 0, 9532531, 130, 21]
21 ('addr', 2, 5, 5)
[0, 65536, 0, 9532531, 130, 22]
22 ('addi', 5, 1, 5)
[0, 65536, 0, 9532531, 130, 24]
24 ('addi', 4, 1, 4)
[0, 65536, 0, 9532531, 131, 25]
25 ('seti', 17, 5, 5)
[0, 65536, 0, 9532531, 131, 18]
18 ('addi', 4, 1, 2)
[0, 65536, 132, 9532531, 131, 19]
19 ('muli', 2, 256, 2)
[0, 65536, 33792, 9532531, 131, 20]
20 ('gtrr', 2, 1, 2)
[0, 65536, 0, 9532531, 131, 21]
21 ('addr', 2, 5, 5)
[0, 65536, 0, 9532531, 131, 22]
22 ('addi', 5, 1, 5)
[0, 65536, 0, 9532531, 131, 24]
24 ('addi', 4, 1, 4)
[0, 65536, 0, 9532531, 132, 25]
25 ('seti', 17, 5, 5)
[0, 65536, 0, 9532531, 132, 18]
18 ('addi', 4, 1, 2)
[0, 65536, 133, 9532531, 132, 19]
19 ('muli', 2, 256, 2)
[0, 65536, 34048, 9532531, 132, 20]
20 ('gtrr', 2, 1, 2)
[0, 65536, 0, 9532531, 132, 21]
21 ('addr', 2, 5, 5)
[0, 65536, 0, 9532531, 132, 22]
22 ('addi', 5, 1, 5)
[0, 65536, 0, 9532531, 132, 24]
24 ('addi', 4, 1, 4)
[0, 65536, 0, 9532531, 133, 25]
25 ('seti', 17, 5, 5)
[0, 65536, 0, 9532531, 133, 18]
18 ('addi', 4, 1, 2)
[0, 65536, 134, 9532531, 133, 19]
19 ('muli', 2, 256, 2)
[0, 65536, 34304, 9532531, 133, 20]
20 ('gtrr', 2, 1, 2)
[0, 65536, 0, 9532531, 133, 21]
21 ('addr', 2, 5, 5)
[0, 65536, 0, 9532531, 133, 22]
22 ('addi', 5, 1, 5)
[0, 65536, 0, 9532531, 133, 24]
24 ('addi', 4, 1, 4)
[0, 65536, 0, 9532531, 134, 25]
25 ('seti', 17, 5, 5)
[0, 65536, 0, 9532531, 134, 18]
18 ('addi', 4, 1, 2)
[0, 65536, 135, 9532531, 134, 19]
19 ('muli', 2, 256, 2)
[0, 65536, 34560, 9532531, 134, 20]
20 ('gtrr', 2, 1, 2)
[0, 65536, 0, 9532531, 134, 21]
21 ('addr', 2, 5, 5)
[0, 65536, 0, 9532531, 134, 22]
22 ('addi', 5, 1, 5)
[0, 65536, 0, 9532531, 134, 24]
24 ('addi', 4, 1, 4)
[0, 65536, 0, 9532531, 135, 25]
25 ('seti', 17, 5, 5)
[0, 65536, 0, 9532531, 135, 18]
18 ('addi', 4, 1, 2)
[0, 65536, 136, 9532531, 135, 19]
19 ('muli', 2, 256, 2)
[0, 65536, 34816, 9532531, 135, 20]
20 ('gtrr', 2, 1, 2)
[0, 65536, 0, 9532531, 135, 21]
21 ('addr', 2, 5, 5)
[0, 65536, 0, 9532531, 135, 22]
22 ('addi', 5, 1, 5)
[0, 65536, 0, 9532531, 135, 24]
24 ('addi', 4, 1, 4)
[0, 65536, 0, 9532531, 136, 25]
25 ('seti', 17, 5, 5)
[0, 65536, 0, 9532531, 136, 18]
18 ('addi', 4, 1, 2)
[0, 65536, 137, 9532531, 136, 19]
19 ('muli', 2, 256, 2)
[0, 65536, 35072, 9532531, 136, 20]
20 ('gtrr', 2, 1, 2)
[0, 65536, 0, 9532531, 136, 21]
21 ('addr', 2, 5, 5)
[0, 65536, 0, 9532531, 136, 22]
22 ('addi', 5, 1, 5)
[0, 65536, 0, 9532531, 136, 24]
24 ('addi', 4, 1, 4)
[0, 65536, 0, 9532531, 137, 25]
25 ('seti', 17, 5, 5)
[0, 65536, 0, 9532531, 137, 18]
18 ('addi', 4, 1, 2)
[0, 65536, 138, 9532531, 137, 19]
19 ('muli', 2, 256, 2)
[0, 65536, 35328, 9532531, 137, 20]
20 ('gtrr', 2, 1, 2)
[0, 65536, 0, 9532531, 137, 21]
21 ('addr', 2, 5, 5)
[0, 65536, 0, 9532531, 137, 22]
22 ('addi', 5, 1, 5)
[0, 65536, 0, 9532531, 137, 24]
24 ('addi', 4, 1, 4)
[0, 65536, 0, 9532531, 138, 25]
25 ('seti', 17, 5, 5)
[0, 65536, 0, 9532531, 138, 18]
18 ('addi', 4, 1, 2)
[0, 65536, 139, 9532531, 138, 19]
19 ('muli', 2, 256, 2)
[0, 65536, 35584, 9532531, 138, 20]
20 ('gtrr', 2, 1, 2)
[0, 65536, 0, 9532531, 138, 21]
21 ('addr', 2, 5, 5)
[0, 65536, 0, 9532531, 138, 22]
22 ('addi', 5, 1, 5)
[0, 65536, 0, 9532531, 138, 24]
24 ('addi', 4, 1, 4)
[0, 65536, 0, 9532531, 139, 25]
25 ('seti', 17, 5, 5)
[0, 65536, 0, 9532531, 139, 18]
18 ('addi', 4, 1, 2)
[0, 65536, 140, 9532531, 139, 19]
19 ('muli', 2, 256, 2)
[0, 65536, 35840, 9532531, 139, 20]
20 ('gtrr', 2, 1, 2)
[0, 65536, 0, 9532531, 139, 21]
21 ('addr', 2, 5, 5)
[0, 65536, 0, 9532531, 139, 22]
22 ('addi', 5, 1, 5)
[0, 65536, 0, 9532531, 139, 24]
24 ('addi', 4, 1, 4)
[0, 65536, 0, 9532531, 140, 25]
25 ('seti', 17, 5, 5)
[0, 65536, 0, 9532531, 140, 18]
18 ('addi', 4, 1, 2)
[0, 65536, 141, 9532531, 140, 19]
19 ('muli', 2, 256, 2)
[0, 65536, 36096, 9532531, 140, 20]
20 ('gtrr', 2, 1, 2)
[0, 65536, 0, 9532531, 140, 21]
21 ('addr', 2, 5, 5)
[0, 65536, 0, 9532531, 140, 22]
22 ('addi', 5, 1, 5)
[0, 65536, 0, 9532531, 140, 24]
24 ('addi', 4, 1, 4)
[0, 65536, 0, 9532531, 141, 25]
25 ('seti', 17, 5, 5)
[0, 65536, 0, 9532531, 141, 18]
18 ('addi', 4, 1, 2)
[0, 65536, 142, 9532531, 141, 19]
19 ('muli', 2, 256, 2)
[0, 65536, 36352, 9532531, 141, 20]
20 ('gtrr', 2, 1, 2)
[0, 65536, 0, 9532531, 141, 21]
21 ('addr', 2, 5, 5)
[0, 65536, 0, 9532531, 141, 22]
22 ('addi', 5, 1, 5)
[0, 65536, 0, 9532531, 141, 24]
24 ('addi', 4, 1, 4)
[0, 65536, 0, 9532531, 142, 25]
25 ('seti', 17, 5, 5)
[0, 65536, 0, 9532531, 142, 18]
18 ('addi', 4, 1, 2)
[0, 65536, 143, 9532531, 142, 19]
19 ('muli', 2, 256, 2)
[0, 65536, 36608, 9532531, 142, 20]
20 ('gtrr', 2, 1, 2)
[0, 65536, 0, 9532531, 142, 21]
21 ('addr', 2, 5, 5)
[0, 65536, 0, 9532531, 142, 22]
22 ('addi', 5, 1, 5)
[0, 65536, 0, 9532531, 142, 24]
24 ('addi', 4, 1, 4)
[0, 65536, 0, 9532531, 143, 25]
25 ('seti', 17, 5, 5)
[0, 65536, 0, 9532531, 143, 18]
18 ('addi', 4, 1, 2)
[0, 65536, 144, 9532531, 143, 19]
19 ('muli', 2, 256, 2)
[0, 65536, 36864, 9532531, 143, 20]
20 ('gtrr', 2, 1, 2)
[0, 65536, 0, 9532531, 143, 21]
21 ('addr', 2, 5, 5)
[0, 65536, 0, 9532531, 143, 22]
22 ('addi', 5, 1, 5)
[0, 65536, 0, 9532531, 143, 24]
24 ('addi', 4, 1, 4)
[0, 65536, 0, 9532531, 144, 25]
25 ('seti', 17, 5, 5)
[0, 65536, 0, 9532531, 144, 18]
18 ('addi', 4, 1, 2)
[0, 65536, 145, 9532531, 144, 19]
19 ('muli', 2, 256, 2)
[0, 65536, 37120, 9532531, 144, 20]
20 ('gtrr', 2, 1, 2)
[0, 65536, 0, 9532531, 144, 21]
21 ('addr', 2, 5, 5)
[0, 65536, 0, 9532531, 144, 22]
22 ('addi', 5, 1, 5)
[0, 65536, 0, 9532531, 144, 24]
24 ('addi', 4, 1, 4)
[0, 65536, 0, 9532531, 145, 25]
25 ('seti', 17, 5, 5)
[0, 65536, 0, 9532531, 145, 18]
18 ('addi', 4, 1, 2)
[0, 65536, 146, 9532531, 145, 19]
19 ('muli', 2, 256, 2)
[0, 65536, 37376, 9532531, 145, 20]
20 ('gtrr', 2, 1, 2)
[0, 65536, 0, 9532531, 145, 21]
21 ('addr', 2, 5, 5)
[0, 65536, 0, 9532531, 145, 22]
22 ('addi', 5, 1, 5)
[0, 65536, 0, 9532531, 145, 24]
24 ('addi', 4, 1, 4)
[0, 65536, 0, 9532531, 146, 25]
25 ('seti', 17, 5, 5)
[0, 65536, 0, 9532531, 146, 18]
18 ('addi', 4, 1, 2)
[0, 65536, 147, 9532531, 146, 19]
19 ('muli', 2, 256, 2)
[0, 65536, 37632, 9532531, 146, 20]
20 ('gtrr', 2, 1, 2)
[0, 65536, 0, 9532531, 146, 21]
21 ('addr', 2, 5, 5)
[0, 65536, 0, 9532531, 146, 22]
22 ('addi', 5, 1, 5)
[0, 65536, 0, 9532531, 146, 24]
24 ('addi', 4, 1, 4)
[0, 65536, 0, 9532531, 147, 25]
25 ('seti', 17, 5, 5)
[0, 65536, 0, 9532531, 147, 18]
18 ('addi', 4, 1, 2)
[0, 65536, 148, 9532531, 147, 19]
19 ('muli', 2, 256, 2)
[0, 65536, 37888, 9532531, 147, 20]
20 ('gtrr', 2, 1, 2)
[0, 65536, 0, 9532531, 147, 21]
21 ('addr', 2, 5, 5)
[0, 65536, 0, 9532531, 147, 22]
22 ('addi', 5, 1, 5)
[0, 65536, 0, 9532531, 147, 24]
24 ('addi', 4, 1, 4)
[0, 65536, 0, 9532531, 148, 25]
25 ('seti', 17, 5, 5)
[0, 65536, 0, 9532531, 148, 18]
18 ('addi', 4, 1, 2)
[0, 65536, 149, 9532531, 148, 19]
19 ('muli', 2, 256, 2)
[0, 65536, 38144, 9532531, 148, 20]
20 ('gtrr', 2, 1, 2)
[0, 65536, 0, 9532531, 148, 21]
21 ('addr', 2, 5, 5)
[0, 65536, 0, 9532531, 148, 22]
22 ('addi', 5, 1, 5)
[0, 65536, 0, 9532531, 148, 24]
24 ('addi', 4, 1, 4)
[0, 65536, 0, 9532531, 149, 25]
25 ('seti', 17, 5, 5)
[0, 65536, 0, 9532531, 149, 18]
18 ('addi', 4, 1, 2)
[0, 65536, 150, 9532531, 149, 19]
19 ('muli', 2, 256, 2)
[0, 65536, 38400, 9532531, 149, 20]
20 ('gtrr', 2, 1, 2)
[0, 65536, 0, 9532531, 149, 21]
21 ('addr', 2, 5, 5)
[0, 65536, 0, 9532531, 149, 22]
22 ('addi', 5, 1, 5)
[0, 65536, 0, 9532531, 149, 24]
24 ('addi', 4, 1, 4)
[0, 65536, 0, 9532531, 150, 25]
25 ('seti', 17, 5, 5)
[0, 65536, 0, 9532531, 150, 18]
18 ('addi', 4, 1, 2)
[0, 65536, 151, 9532531, 150, 19]
19 ('muli', 2, 256, 2)
[0, 65536, 38656, 9532531, 150, 20]
20 ('gtrr', 2, 1, 2)
[0, 65536, 0, 9532531, 150, 21]
21 ('addr', 2, 5, 5)
[0, 65536, 0, 9532531, 150, 22]
22 ('addi', 5, 1, 5)
[0, 65536, 0, 9532531, 150, 24]
24 ('addi', 4, 1, 4)
[0, 65536, 0, 9532531, 151, 25]
25 ('seti', 17, 5, 5)
[0, 65536, 0, 9532531, 151, 18]
18 ('addi', 4, 1, 2)
[0, 65536, 152, 9532531, 151, 19]
19 ('muli', 2, 256, 2)
[0, 65536, 38912, 9532531, 151, 20]
20 ('gtrr', 2, 1, 2)
[0, 65536, 0, 9532531, 151, 21]
21 ('addr', 2, 5, 5)
[0, 65536, 0, 9532531, 151, 22]
22 ('addi', 5, 1, 5)
[0, 65536, 0, 9532531, 151, 24]
24 ('addi', 4, 1, 4)
[0, 65536, 0, 9532531, 152, 25]
25 ('seti', 17, 5, 5)
[0, 65536, 0, 9532531, 152, 18]
18 ('addi', 4, 1, 2)
[0, 65536, 153, 9532531, 152, 19]
19 ('muli', 2, 256, 2)
[0, 65536, 39168, 9532531, 152, 20]
20 ('gtrr', 2, 1, 2)
[0, 65536, 0, 9532531, 152, 21]
21 ('addr', 2, 5, 5)
[0, 65536, 0, 9532531, 152, 22]
22 ('addi', 5, 1, 5)
[0, 65536, 0, 9532531, 152, 24]
24 ('addi', 4, 1, 4)
[0, 65536, 0, 9532531, 153, 25]
25 ('seti', 17, 5, 5)
[0, 65536, 0, 9532531, 153, 18]
18 ('addi', 4, 1, 2)
[0, 65536, 154, 9532531, 153, 19]
19 ('muli', 2, 256, 2)
[0, 65536, 39424, 9532531, 153, 20]
20 ('gtrr', 2, 1, 2)
[0, 65536, 0, 9532531, 153, 21]
21 ('addr', 2, 5, 5)
[0, 65536, 0, 9532531, 153, 22]
22 ('addi', 5, 1, 5)
[0, 65536, 0, 9532531, 153, 24]
24 ('addi', 4, 1, 4)
[0, 65536, 0, 9532531, 154, 25]
25 ('seti', 17, 5, 5)
[0, 65536, 0, 9532531, 154, 18]
18 ('addi', 4, 1, 2)
[0, 65536, 155, 9532531, 154, 19]
19 ('muli', 2, 256, 2)
[0, 65536, 39680, 9532531, 154, 20]
20 ('gtrr', 2, 1, 2)
[0, 65536, 0, 9532531, 154, 21]
21 ('addr', 2, 5, 5)
[0, 65536, 0, 9532531, 154, 22]
22 ('addi', 5, 1, 5)
[0, 65536, 0, 9532531, 154, 24]
24 ('addi', 4, 1, 4)
[0, 65536, 0, 9532531, 155, 25]
25 ('seti', 17, 5, 5)
[0, 65536, 0, 9532531, 155, 18]
18 ('addi', 4, 1, 2)
[0, 65536, 156, 9532531, 155, 19]
19 ('muli', 2, 256, 2)
[0, 65536, 39936, 9532531, 155, 20]
20 ('gtrr', 2, 1, 2)
[0, 65536, 0, 9532531, 155, 21]
21 ('addr', 2, 5, 5)
[0, 65536, 0, 9532531, 155, 22]
22 ('addi', 5, 1, 5)
[0, 65536, 0, 9532531, 155, 24]
24 ('addi', 4, 1, 4)
[0, 65536, 0, 9532531, 156, 25]
25 ('seti', 17, 5, 5)
[0, 65536, 0, 9532531, 156, 18]
18 ('addi', 4, 1, 2)
[0, 65536, 157, 9532531, 156, 19]
19 ('muli', 2, 256, 2)
[0, 65536, 40192, 9532531, 156, 20]
20 ('gtrr', 2, 1, 2)
[0, 65536, 0, 9532531, 156, 21]
21 ('addr', 2, 5, 5)
[0, 65536, 0, 9532531, 156, 22]
22 ('addi', 5, 1, 5)
[0, 65536, 0, 9532531, 156, 24]
24 ('addi', 4, 1, 4)
[0, 65536, 0, 9532531, 157, 25]
25 ('seti', 17, 5, 5)
[0, 65536, 0, 9532531, 157, 18]
18 ('addi', 4, 1, 2)
[0, 65536, 158, 9532531, 157, 19]
19 ('muli', 2, 256, 2)
[0, 65536, 40448, 9532531, 157, 20]
20 ('gtrr', 2, 1, 2)
[0, 65536, 0, 9532531, 157, 21]
21 ('addr', 2, 5, 5)
[0, 65536, 0, 9532531, 157, 22]
22 ('addi', 5, 1, 5)
[0, 65536, 0, 9532531, 157, 24]
24 ('addi', 4, 1, 4)
[0, 65536, 0, 9532531, 158, 25]
25 ('seti', 17, 5, 5)
[0, 65536, 0, 9532531, 158, 18]
18 ('addi', 4, 1, 2)
[0, 65536, 159, 9532531, 158, 19]
19 ('muli', 2, 256, 2)
[0, 65536, 40704, 9532531, 158, 20]
20 ('gtrr', 2, 1, 2)
[0, 65536, 0, 9532531, 158, 21]
21 ('addr', 2, 5, 5)
[0, 65536, 0, 9532531, 158, 22]
22 ('addi', 5, 1, 5)
[0, 65536, 0, 9532531, 158, 24]
24 ('addi', 4, 1, 4)
[0, 65536, 0, 9532531, 159, 25]
25 ('seti', 17, 5, 5)
[0, 65536, 0, 9532531, 159, 18]
18 ('addi', 4, 1, 2)
[0, 65536, 160, 9532531, 159, 19]
19 ('muli', 2, 256, 2)
[0, 65536, 40960, 9532531, 159, 20]
20 ('gtrr', 2, 1, 2)
[0, 65536, 0, 9532531, 159, 21]
21 ('addr', 2, 5, 5)
[0, 65536, 0, 9532531, 159, 22]
22 ('addi', 5, 1, 5)
[0, 65536, 0, 9532531, 159, 24]
24 ('addi', 4, 1, 4)
[0, 65536, 0, 9532531, 160, 25]
25 ('seti', 17, 5, 5)
[0, 65536, 0, 9532531, 160, 18]
18 ('addi', 4, 1, 2)
[0, 65536, 161, 9532531, 160, 19]
19 ('muli', 2, 256, 2)
[0, 65536, 41216, 9532531, 160, 20]
20 ('gtrr', 2, 1, 2)
[0, 65536, 0, 9532531, 160, 21]
21 ('addr', 2, 5, 5)
[0, 65536, 0, 9532531, 160, 22]
22 ('addi', 5, 1, 5)
[0, 65536, 0, 9532531, 160, 24]
24 ('addi', 4, 1, 4)
[0, 65536, 0, 9532531, 161, 25]
25 ('seti', 17, 5, 5)
[0, 65536, 0, 9532531, 161, 18]
18 ('addi', 4, 1, 2)
[0, 65536, 162, 9532531, 161, 19]
19 ('muli', 2, 256, 2)
[0, 65536, 41472, 9532531, 161, 20]
20 ('gtrr', 2, 1, 2)
[0, 65536, 0, 9532531, 161, 21]
21 ('addr', 2, 5, 5)
[0, 65536, 0, 9532531, 161, 22]
22 ('addi', 5, 1, 5)
[0, 65536, 0, 9532531, 161, 24]
24 ('addi', 4, 1, 4)
[0, 65536, 0, 9532531, 162, 25]
25 ('seti', 17, 5, 5)
[0, 65536, 0, 9532531, 162, 18]
18 ('addi', 4, 1, 2)
[0, 65536, 163, 9532531, 162, 19]
19 ('muli', 2, 256, 2)
[0, 65536, 41728, 9532531, 162, 20]
20 ('gtrr', 2, 1, 2)
[0, 65536, 0, 9532531, 162, 21]
21 ('addr', 2, 5, 5)
[0, 65536, 0, 9532531, 162, 22]
22 ('addi', 5, 1, 5)
[0, 65536, 0, 9532531, 162, 24]
24 ('addi', 4, 1, 4)
[0, 65536, 0, 9532531, 163, 25]
25 ('seti', 17, 5, 5)
[0, 65536, 0, 9532531, 163, 18]
18 ('addi', 4, 1, 2)
[0, 65536, 164, 9532531, 163, 19]
19 ('muli', 2, 256, 2)
[0, 65536, 41984, 9532531, 163, 20]
20 ('gtrr', 2, 1, 2)
[0, 65536, 0, 9532531, 163, 21]
21 ('addr', 2, 5, 5)
[0, 65536, 0, 9532531, 163, 22]
22 ('addi', 5, 1, 5)
[0, 65536, 0, 9532531, 163, 24]
24 ('addi', 4, 1, 4)
[0, 65536, 0, 9532531, 164, 25]
25 ('seti', 17, 5, 5)
[0, 65536, 0, 9532531, 164, 18]
18 ('addi', 4, 1, 2)
[0, 65536, 165, 9532531, 164, 19]
19 ('muli', 2, 256, 2)
[0, 65536, 42240, 9532531, 164, 20]
20 ('gtrr', 2, 1, 2)
[0, 65536, 0, 9532531, 164, 21]
21 ('addr', 2, 5, 5)
[0, 65536, 0, 9532531, 164, 22]
22 ('addi', 5, 1, 5)
[0, 65536, 0, 9532531, 164, 24]
24 ('addi', 4, 1, 4)
[0, 65536, 0, 9532531, 165, 25]
25 ('seti', 17, 5, 5)
[0, 65536, 0, 9532531, 165, 18]
18 ('addi', 4, 1, 2)
[0, 65536, 166, 9532531, 165, 19]
19 ('muli', 2, 256, 2)
[0, 65536, 42496, 9532531, 165, 20]
20 ('gtrr', 2, 1, 2)
[0, 65536, 0, 9532531, 165, 21]
21 ('addr', 2, 5, 5)
[0, 65536, 0, 9532531, 165, 22]
22 ('addi', 5, 1, 5)
[0, 65536, 0, 9532531, 165, 24]
24 ('addi', 4, 1, 4)
[0, 65536, 0, 9532531, 166, 25]
25 ('seti', 17, 5, 5)
[0, 65536, 0, 9532531, 166, 18]
18 ('addi', 4, 1, 2)
[0, 65536, 167, 9532531, 166, 19]
19 ('muli', 2, 256, 2)
[0, 65536, 42752, 9532531, 166, 20]
20 ('gtrr', 2, 1, 2)
[0, 65536, 0, 9532531, 166, 21]
21 ('addr', 2, 5, 5)
[0, 65536, 0, 9532531, 166, 22]
22 ('addi', 5, 1, 5)
[0, 65536, 0, 9532531, 166, 24]
24 ('addi', 4, 1, 4)
[0, 65536, 0, 9532531, 167, 25]
25 ('seti', 17, 5, 5)
[0, 65536, 0, 9532531, 167, 18]
18 ('addi', 4, 1, 2)
[0, 65536, 168, 9532531, 167, 19]
19 ('muli', 2, 256, 2)
[0, 65536, 43008, 9532531, 167, 20]
20 ('gtrr', 2, 1, 2)
[0, 65536, 0, 9532531, 167, 21]
21 ('addr', 2, 5, 5)
[0, 65536, 0, 9532531, 167, 22]
22 ('addi', 5, 1, 5)
[0, 65536, 0, 9532531, 167, 24]
24 ('addi', 4, 1, 4)
[0, 65536, 0, 9532531, 168, 25]
25 ('seti', 17, 5, 5)
[0, 65536, 0, 9532531, 168, 18]
18 ('addi', 4, 1, 2)
[0, 65536, 169, 9532531, 168, 19]
19 ('muli', 2, 256, 2)
[0, 65536, 43264, 9532531, 168, 20]
20 ('gtrr', 2, 1, 2)
[0, 65536, 0, 9532531, 168, 21]
21 ('addr', 2, 5, 5)
[0, 65536, 0, 9532531, 168, 22]
22 ('addi', 5, 1, 5)
[0, 65536, 0, 9532531, 168, 24]
24 ('addi', 4, 1, 4)
[0, 65536, 0, 9532531, 169, 25]
25 ('seti', 17, 5, 5)
[0, 65536, 0, 9532531, 169, 18]
18 ('addi', 4, 1, 2)
[0, 65536, 170, 9532531, 169, 19]
19 ('muli', 2, 256, 2)
[0, 65536, 43520, 9532531, 169, 20]
20 ('gtrr', 2, 1, 2)
[0, 65536, 0, 9532531, 169, 21]
21 ('addr', 2, 5, 5)
[0, 65536, 0, 9532531, 169, 22]
22 ('addi', 5, 1, 5)
[0, 65536, 0, 9532531, 169, 24]
24 ('addi', 4, 1, 4)
[0, 65536, 0, 9532531, 170, 25]
25 ('seti', 17, 5, 5)
[0, 65536, 0, 9532531, 170, 18]
18 ('addi', 4, 1, 2)
[0, 65536, 171, 9532531, 170, 19]
19 ('muli', 2, 256, 2)
[0, 65536, 43776, 9532531, 170, 20]
20 ('gtrr', 2, 1, 2)
[0, 65536, 0, 9532531, 170, 21]
21 ('addr', 2, 5, 5)
[0, 65536, 0, 9532531, 170, 22]
22 ('addi', 5, 1, 5)
[0, 65536, 0, 9532531, 170, 24]
24 ('addi', 4, 1, 4)
[0, 65536, 0, 9532531, 171, 25]
25 ('seti', 17, 5, 5)
[0, 65536, 0, 9532531, 171, 18]
18 ('addi', 4, 1, 2)
[0, 65536, 172, 9532531, 171, 19]
19 ('muli', 2, 256, 2)
[0, 65536, 44032, 9532531, 171, 20]
20 ('gtrr', 2, 1, 2)
[0, 65536, 0, 9532531, 171, 21]
21 ('addr', 2, 5, 5)
[0, 65536, 0, 9532531, 171, 22]
22 ('addi', 5, 1, 5)
[0, 65536, 0, 9532531, 171, 24]
24 ('addi', 4, 1, 4)
[0, 65536, 0, 9532531, 172, 25]
25 ('seti', 17, 5, 5)
[0, 65536, 0, 9532531, 172, 18]
18 ('addi', 4, 1, 2)
[0, 65536, 173, 9532531, 172, 19]
19 ('muli', 2, 256, 2)
[0, 65536, 44288, 9532531, 172, 20]
20 ('gtrr', 2, 1, 2)
[0, 65536, 0, 9532531, 172, 21]
21 ('addr', 2, 5, 5)
[0, 65536, 0, 9532531, 172, 22]
22 ('addi', 5, 1, 5)
[0, 65536, 0, 9532531, 172, 24]
24 ('addi', 4, 1, 4)
[0, 65536, 0, 9532531, 173, 25]
25 ('seti', 17, 5, 5)
[0, 65536, 0, 9532531, 173, 18]
18 ('addi', 4, 1, 2)
[0, 65536, 174, 9532531, 173, 19]
19 ('muli', 2, 256, 2)
[0, 65536, 44544, 9532531, 173, 20]
20 ('gtrr', 2, 1, 2)
[0, 65536, 0, 9532531, 173, 21]
21 ('addr', 2, 5, 5)
[0, 65536, 0, 9532531, 173, 22]
22 ('addi', 5, 1, 5)
[0, 65536, 0, 9532531, 173, 24]
24 ('addi', 4, 1, 4)
[0, 65536, 0, 9532531, 174, 25]
25 ('seti', 17, 5, 5)
[0, 65536, 0, 9532531, 174, 18]
18 ('addi', 4, 1, 2)
[0, 65536, 175, 9532531, 174, 19]
19 ('muli', 2, 256, 2)
[0, 65536, 44800, 9532531, 174, 20]
20 ('gtrr', 2, 1, 2)
[0, 65536, 0, 9532531, 174, 21]
21 ('addr', 2, 5, 5)
[0, 65536, 0, 9532531, 174, 22]
22 ('addi', 5, 1, 5)
[0, 65536, 0, 9532531, 174, 24]
24 ('addi', 4, 1, 4)
[0, 65536, 0, 9532531, 175, 25]
25 ('seti', 17, 5, 5)
[0, 65536, 0, 9532531, 175, 18]
18 ('addi', 4, 1, 2)
[0, 65536, 176, 9532531, 175, 19]
19 ('muli', 2, 256, 2)
[0, 65536, 45056, 9532531, 175, 20]
20 ('gtrr', 2, 1, 2)
[0, 65536, 0, 9532531, 175, 21]
21 ('addr', 2, 5, 5)
[0, 65536, 0, 9532531, 175, 22]
22 ('addi', 5, 1, 5)
[0, 65536, 0, 9532531, 175, 24]
24 ('addi', 4, 1, 4)
[0, 65536, 0, 9532531, 176, 25]
25 ('seti', 17, 5, 5)
[0, 65536, 0, 9532531, 176, 18]
18 ('addi', 4, 1, 2)
[0, 65536, 177, 9532531, 176, 19]
19 ('muli', 2, 256, 2)
[0, 65536, 45312, 9532531, 176, 20]
20 ('gtrr', 2, 1, 2)
[0, 65536, 0, 9532531, 176, 21]
21 ('addr', 2, 5, 5)
[0, 65536, 0, 9532531, 176, 22]
22 ('addi', 5, 1, 5)
[0, 65536, 0, 9532531, 176, 24]
24 ('addi', 4, 1, 4)
[0, 65536, 0, 9532531, 177, 25]
25 ('seti', 17, 5, 5)
[0, 65536, 0, 9532531, 177, 18]
18 ('addi', 4, 1, 2)
[0, 65536, 178, 9532531, 177, 19]
19 ('muli', 2, 256, 2)
[0, 65536, 45568, 9532531, 177, 20]
20 ('gtrr', 2, 1, 2)
[0, 65536, 0, 9532531, 177, 21]
21 ('addr', 2, 5, 5)
[0, 65536, 0, 9532531, 177, 22]
22 ('addi', 5, 1, 5)
[0, 65536, 0, 9532531, 177, 24]
24 ('addi', 4, 1, 4)
[0, 65536, 0, 9532531, 178, 25]
25 ('seti', 17, 5, 5)
[0, 65536, 0, 9532531, 178, 18]
18 ('addi', 4, 1, 2)
[0, 65536, 179, 9532531, 178, 19]
19 ('muli', 2, 256, 2)
[0, 65536, 45824, 9532531, 178, 20]
20 ('gtrr', 2, 1, 2)
[0, 65536, 0, 9532531, 178, 21]
21 ('addr', 2, 5, 5)
[0, 65536, 0, 9532531, 178, 22]
22 ('addi', 5, 1, 5)
[0, 65536, 0, 9532531, 178, 24]
24 ('addi', 4, 1, 4)
[0, 65536, 0, 9532531, 179, 25]
25 ('seti', 17, 5, 5)
[0, 65536, 0, 9532531, 179, 18]
18 ('addi', 4, 1, 2)
[0, 65536, 180, 9532531, 179, 19]
19 ('muli', 2, 256, 2)
[0, 65536, 46080, 9532531, 179, 20]
20 ('gtrr', 2, 1, 2)
[0, 65536, 0, 9532531, 179, 21]
21 ('addr', 2, 5, 5)
[0, 65536, 0, 9532531, 179, 22]
22 ('addi', 5, 1, 5)
[0, 65536, 0, 9532531, 179, 24]
24 ('addi', 4, 1, 4)
[0, 65536, 0, 9532531, 180, 25]
25 ('seti', 17, 5, 5)
[0, 65536, 0, 9532531, 180, 18]
18 ('addi', 4, 1, 2)
[0, 65536, 181, 9532531, 180, 19]
19 ('muli', 2, 256, 2)
[0, 65536, 46336, 9532531, 180, 20]
20 ('gtrr', 2, 1, 2)
[0, 65536, 0, 9532531, 180, 21]
21 ('addr', 2, 5, 5)
[0, 65536, 0, 9532531, 180, 22]
22 ('addi', 5, 1, 5)
[0, 65536, 0, 9532531, 180, 24]
24 ('addi', 4, 1, 4)
[0, 65536, 0, 9532531, 181, 25]
25 ('seti', 17, 5, 5)
[0, 65536, 0, 9532531, 181, 18]
18 ('addi', 4, 1, 2)
[0, 65536, 182, 9532531, 181, 19]
19 ('muli', 2, 256, 2)
[0, 65536, 46592, 9532531, 181, 20]
20 ('gtrr', 2, 1, 2)
[0, 65536, 0, 9532531, 181, 21]
21 ('addr', 2, 5, 5)
[0, 65536, 0, 9532531, 181, 22]
22 ('addi', 5, 1, 5)
[0, 65536, 0, 9532531, 181, 24]
24 ('addi', 4, 1, 4)
[0, 65536, 0, 9532531, 182, 25]
25 ('seti', 17, 5, 5)
[0, 65536, 0, 9532531, 182, 18]
18 ('addi', 4, 1, 2)
[0, 65536, 183, 9532531, 182, 19]
19 ('muli', 2, 256, 2)
[0, 65536, 46848, 9532531, 182, 20]
20 ('gtrr', 2, 1, 2)
[0, 65536, 0, 9532531, 182, 21]
21 ('addr', 2, 5, 5)
[0, 65536, 0, 9532531, 182, 22]
22 ('addi', 5, 1, 5)
[0, 65536, 0, 9532531, 182, 24]
24 ('addi', 4, 1, 4)
[0, 65536, 0, 9532531, 183, 25]
25 ('seti', 17, 5, 5)
[0, 65536, 0, 9532531, 183, 18]
18 ('addi', 4, 1, 2)
[0, 65536, 184, 9532531, 183, 19]
19 ('muli', 2, 256, 2)
[0, 65536, 47104, 9532531, 183, 20]
20 ('gtrr', 2, 1, 2)
[0, 65536, 0, 9532531, 183, 21]
21 ('addr', 2, 5, 5)
[0, 65536, 0, 9532531, 183, 22]
22 ('addi', 5, 1, 5)
[0, 65536, 0, 9532531, 183, 24]
24 ('addi', 4, 1, 4)
[0, 65536, 0, 9532531, 184, 25]
25 ('seti', 17, 5, 5)
[0, 65536, 0, 9532531, 184, 18]
18 ('addi', 4, 1, 2)
[0, 65536, 185, 9532531, 184, 19]
19 ('muli', 2, 256, 2)
[0, 65536, 47360, 9532531, 184, 20]
20 ('gtrr', 2, 1, 2)
[0, 65536, 0, 9532531, 184, 21]
21 ('addr', 2, 5, 5)
[0, 65536, 0, 9532531, 184, 22]
22 ('addi', 5, 1, 5)
[0, 65536, 0, 9532531, 184, 24]
24 ('addi', 4, 1, 4)
[0, 65536, 0, 9532531, 185, 25]
25 ('seti', 17, 5, 5)
[0, 65536, 0, 9532531, 185, 18]
18 ('addi', 4, 1, 2)
[0, 65536, 186, 9532531, 185, 19]
19 ('muli', 2, 256, 2)
[0, 65536, 47616, 9532531, 185, 20]
20 ('gtrr', 2, 1, 2)
[0, 65536, 0, 9532531, 185, 21]
21 ('addr', 2, 5, 5)
[0, 65536, 0, 9532531, 185, 22]
22 ('addi', 5, 1, 5)
[0, 65536, 0, 9532531, 185, 24]
24 ('addi', 4, 1, 4)
[0, 65536, 0, 9532531, 186, 25]
25 ('seti', 17, 5, 5)
[0, 65536, 0, 9532531, 186, 18]
18 ('addi', 4, 1, 2)
[0, 65536, 187, 9532531, 186, 19]
19 ('muli', 2, 256, 2)
[0, 65536, 47872, 9532531, 186, 20]
20 ('gtrr', 2, 1, 2)
[0, 65536, 0, 9532531, 186, 21]
21 ('addr', 2, 5, 5)
[0, 65536, 0, 9532531, 186, 22]
22 ('addi', 5, 1, 5)
[0, 65536, 0, 9532531, 186, 24]
24 ('addi', 4, 1, 4)
[0, 65536, 0, 9532531, 187, 25]
25 ('seti', 17, 5, 5)
[0, 65536, 0, 9532531, 187, 18]
18 ('addi', 4, 1, 2)
[0, 65536, 188, 9532531, 187, 19]
19 ('muli', 2, 256, 2)
[0, 65536, 48128, 9532531, 187, 20]
20 ('gtrr', 2, 1, 2)
[0, 65536, 0, 9532531, 187, 21]
21 ('addr', 2, 5, 5)
[0, 65536, 0, 9532531, 187, 22]
22 ('addi', 5, 1, 5)
[0, 65536, 0, 9532531, 187, 24]
24 ('addi', 4, 1, 4)
[0, 65536, 0, 9532531, 188, 25]
25 ('seti', 17, 5, 5)
[0, 65536, 0, 9532531, 188, 18]
18 ('addi', 4, 1, 2)
[0, 65536, 189, 9532531, 188, 19]
19 ('muli', 2, 256, 2)
[0, 65536, 48384, 9532531, 188, 20]
20 ('gtrr', 2, 1, 2)
[0, 65536, 0, 9532531, 188, 21]
21 ('addr', 2, 5, 5)
[0, 65536, 0, 9532531, 188, 22]
22 ('addi', 5, 1, 5)
[0, 65536, 0, 9532531, 188, 24]
24 ('addi', 4, 1, 4)
[0, 65536, 0, 9532531, 189, 25]
25 ('seti', 17, 5, 5)
[0, 65536, 0, 9532531, 189, 18]
18 ('addi', 4, 1, 2)
[0, 65536, 190, 9532531, 189, 19]
19 ('muli', 2, 256, 2)
[0, 65536, 48640, 9532531, 189, 20]
20 ('gtrr', 2, 1, 2)
[0, 65536, 0, 9532531, 189, 21]
21 ('addr', 2, 5, 5)
[0, 65536, 0, 9532531, 189, 22]
22 ('addi', 5, 1, 5)
[0, 65536, 0, 9532531, 189, 24]
24 ('addi', 4, 1, 4)
[0, 65536, 0, 9532531, 190, 25]
25 ('seti', 17, 5, 5)
[0, 65536, 0, 9532531, 190, 18]
18 ('addi', 4, 1, 2)
[0, 65536, 191, 9532531, 190, 19]
19 ('muli', 2, 256, 2)
[0, 65536, 48896, 9532531, 190, 20]
20 ('gtrr', 2, 1, 2)
[0, 65536, 0, 9532531, 190, 21]
21 ('addr', 2, 5, 5)
[0, 65536, 0, 9532531, 190, 22]
22 ('addi', 5, 1, 5)
[0, 65536, 0, 9532531, 190, 24]
24 ('addi', 4, 1, 4)
[0, 65536, 0, 9532531, 191, 25]
25 ('seti', 17, 5, 5)
[0, 65536, 0, 9532531, 191, 18]
18 ('addi', 4, 1, 2)
[0, 65536, 192, 9532531, 191, 19]
19 ('muli', 2, 256, 2)
[0, 65536, 49152, 9532531, 191, 20]
20 ('gtrr', 2, 1, 2)
[0, 65536, 0, 9532531, 191, 21]
21 ('addr', 2, 5, 5)
[0, 65536, 0, 9532531, 191, 22]
22 ('addi', 5, 1, 5)
[0, 65536, 0, 9532531, 191, 24]
24 ('addi', 4, 1, 4)
[0, 65536, 0, 9532531, 192, 25]
25 ('seti', 17, 5, 5)
[0, 65536, 0, 9532531, 192, 18]
18 ('addi', 4, 1, 2)
[0, 65536, 193, 9532531, 192, 19]
19 ('muli', 2, 256, 2)
[0, 65536, 49408, 9532531, 192, 20]
20 ('gtrr', 2, 1, 2)
[0, 65536, 0, 9532531, 192, 21]
21 ('addr', 2, 5, 5)
[0, 65536, 0, 9532531, 192, 22]
22 ('addi', 5, 1, 5)
[0, 65536, 0, 9532531, 192, 24]
24 ('addi', 4, 1, 4)
[0, 65536, 0, 9532531, 193, 25]
25 ('seti', 17, 5, 5)
[0, 65536, 0, 9532531, 193, 18]
18 ('addi', 4, 1, 2)
[0, 65536, 194, 9532531, 193, 19]
19 ('muli', 2, 256, 2)
[0, 65536, 49664, 9532531, 193, 20]
20 ('gtrr', 2, 1, 2)
[0, 65536, 0, 9532531, 193, 21]
21 ('addr', 2, 5, 5)
[0, 65536, 0, 9532531, 193, 22]
22 ('addi', 5, 1, 5)
[0, 65536, 0, 9532531, 193, 24]
24 ('addi', 4, 1, 4)
[0, 65536, 0, 9532531, 194, 25]
25 ('seti', 17, 5, 5)
[0, 65536, 0, 9532531, 194, 18]
18 ('addi', 4, 1, 2)
[0, 65536, 195, 9532531, 194, 19]
19 ('muli', 2, 256, 2)
[0, 65536, 49920, 9532531, 194, 20]
20 ('gtrr', 2, 1, 2)
[0, 65536, 0, 9532531, 194, 21]
21 ('addr', 2, 5, 5)
[0, 65536, 0, 9532531, 194, 22]
22 ('addi', 5, 1, 5)
[0, 65536, 0, 9532531, 194, 24]
24 ('addi', 4, 1, 4)
[0, 65536, 0, 9532531, 195, 25]
25 ('seti', 17, 5, 5)
[0, 65536, 0, 9532531, 195, 18]
18 ('addi', 4, 1, 2)
[0, 65536, 196, 9532531, 195, 19]
19 ('muli', 2, 256, 2)
[0, 65536, 50176, 9532531, 195, 20]
20 ('gtrr', 2, 1, 2)
[0, 65536, 0, 9532531, 195, 21]
21 ('addr', 2, 5, 5)
[0, 65536, 0, 9532531, 195, 22]
22 ('addi', 5, 1, 5)
[0, 65536, 0, 9532531, 195, 24]
24 ('addi', 4, 1, 4)
[0, 65536, 0, 9532531, 196, 25]
25 ('seti', 17, 5, 5)
[0, 65536, 0, 9532531, 196, 18]
18 ('addi', 4, 1, 2)
[0, 65536, 197, 9532531, 196, 19]
19 ('muli', 2, 256, 2)
[0, 65536, 50432, 9532531, 196, 20]
20 ('gtrr', 2, 1, 2)
[0, 65536, 0, 9532531, 196, 21]
21 ('addr', 2, 5, 5)
[0, 65536, 0, 9532531, 196, 22]
22 ('addi', 5, 1, 5)
[0, 65536, 0, 9532531, 196, 24]
24 ('addi', 4, 1, 4)
[0, 65536, 0, 9532531, 197, 25]
25 ('seti', 17, 5, 5)
[0, 65536, 0, 9532531, 197, 18]
18 ('addi', 4, 1, 2)
[0, 65536, 198, 9532531, 197, 19]
19 ('muli', 2, 256, 2)
[0, 65536, 50688, 9532531, 197, 20]
20 ('gtrr', 2, 1, 2)
[0, 65536, 0, 9532531, 197, 21]
21 ('addr', 2, 5, 5)
[0, 65536, 0, 9532531, 197, 22]
22 ('addi', 5, 1, 5)
[0, 65536, 0, 9532531, 197, 24]
24 ('addi', 4, 1, 4)
[0, 65536, 0, 9532531, 198, 25]
25 ('seti', 17, 5, 5)
[0, 65536, 0, 9532531, 198, 18]
18 ('addi', 4, 1, 2)
[0, 65536, 199, 9532531, 198, 19]
19 ('muli', 2, 256, 2)
[0, 65536, 50944, 9532531, 198, 20]
20 ('gtrr', 2, 1, 2)
[0, 65536, 0, 9532531, 198, 21]
21 ('addr', 2, 5, 5)
[0, 65536, 0, 9532531, 198, 22]
22 ('addi', 5, 1, 5)
[0, 65536, 0, 9532531, 198, 24]
24 ('addi', 4, 1, 4)
[0, 65536, 0, 9532531, 199, 25]
25 ('seti', 17, 5, 5)
[0, 65536, 0, 9532531, 199, 18]
18 ('addi', 4, 1, 2)
[0, 65536, 200, 9532531, 199, 19]
19 ('muli', 2, 256, 2)
[0, 65536, 51200, 9532531, 199, 20]
20 ('gtrr', 2, 1, 2)
[0, 65536, 0, 9532531, 199, 21]
21 ('addr', 2, 5, 5)
[0, 65536, 0, 9532531, 199, 22]
22 ('addi', 5, 1, 5)
[0, 65536, 0, 9532531, 199, 24]
24 ('addi', 4, 1, 4)
[0, 65536, 0, 9532531, 200, 25]
25 ('seti', 17, 5, 5)
[0, 65536, 0, 9532531, 200, 18]
18 ('addi', 4, 1, 2)
[0, 65536, 201, 9532531, 200, 19]
19 ('muli', 2, 256, 2)
[0, 65536, 51456, 9532531, 200, 20]
20 ('gtrr', 2, 1, 2)
[0, 65536, 0, 9532531, 200, 21]
21 ('addr', 2, 5, 5)
[0, 65536, 0, 9532531, 200, 22]
22 ('addi', 5, 1, 5)
[0, 65536, 0, 9532531, 200, 24]
24 ('addi', 4, 1, 4)
[0, 65536, 0, 9532531, 201, 25]
25 ('seti', 17, 5, 5)
[0, 65536, 0, 9532531, 201, 18]
18 ('addi', 4, 1, 2)
[0, 65536, 202, 9532531, 201, 19]
19 ('muli', 2, 256, 2)
[0, 65536, 51712, 9532531, 201, 20]
20 ('gtrr', 2, 1, 2)
[0, 65536, 0, 9532531, 201, 21]
21 ('addr', 2, 5, 5)
[0, 65536, 0, 9532531, 201, 22]
22 ('addi', 5, 1, 5)
[0, 65536, 0, 9532531, 201, 24]
24 ('addi', 4, 1, 4)
[0, 65536, 0, 9532531, 202, 25]
25 ('seti', 17, 5, 5)
[0, 65536, 0, 9532531, 202, 18]
18 ('addi', 4, 1, 2)
[0, 65536, 203, 9532531, 202, 19]
19 ('muli', 2, 256, 2)
[0, 65536, 51968, 9532531, 202, 20]
20 ('gtrr', 2, 1, 2)
[0, 65536, 0, 9532531, 202, 21]
21 ('addr', 2, 5, 5)
[0, 65536, 0, 9532531, 202, 22]
22 ('addi', 5, 1, 5)
[0, 65536, 0, 9532531, 202, 24]
24 ('addi', 4, 1, 4)
[0, 65536, 0, 9532531, 203, 25]
25 ('seti', 17, 5, 5)
[0, 65536, 0, 9532531, 203, 18]
18 ('addi', 4, 1, 2)
[0, 65536, 204, 9532531, 203, 19]
19 ('muli', 2, 256, 2)
[0, 65536, 52224, 9532531, 203, 20]
20 ('gtrr', 2, 1, 2)
[0, 65536, 0, 9532531, 203, 21]
21 ('addr', 2, 5, 5)
[0, 65536, 0, 9532531, 203, 22]
22 ('addi', 5, 1, 5)
[0, 65536, 0, 9532531, 203, 24]
24 ('addi', 4, 1, 4)
[0, 65536, 0, 9532531, 204, 25]
25 ('seti', 17, 5, 5)
[0, 65536, 0, 9532531, 204, 18]
18 ('addi', 4, 1, 2)
[0, 65536, 205, 9532531, 204, 19]
19 ('muli', 2, 256, 2)
[0, 65536, 52480, 9532531, 204, 20]
20 ('gtrr', 2, 1, 2)
[0, 65536, 0, 9532531, 204, 21]
21 ('addr', 2, 5, 5)
[0, 65536, 0, 9532531, 204, 22]
22 ('addi', 5, 1, 5)
[0, 65536, 0, 9532531, 204, 24]
24 ('addi', 4, 1, 4)
[0, 65536, 0, 9532531, 205, 25]
25 ('seti', 17, 5, 5)
[0, 65536, 0, 9532531, 205, 18]
18 ('addi', 4, 1, 2)
[0, 65536, 206, 9532531, 205, 19]
19 ('muli', 2, 256, 2)
[0, 65536, 52736, 9532531, 205, 20]
20 ('gtrr', 2, 1, 2)
[0, 65536, 0, 9532531, 205, 21]
21 ('addr', 2, 5, 5)
[0, 65536, 0, 9532531, 205, 22]
22 ('addi', 5, 1, 5)
[0, 65536, 0, 9532531, 205, 24]
24 ('addi', 4, 1, 4)
[0, 65536, 0, 9532531, 206, 25]
25 ('seti', 17, 5, 5)
[0, 65536, 0, 9532531, 206, 18]
18 ('addi', 4, 1, 2)
[0, 65536, 207, 9532531, 206, 19]
19 ('muli', 2, 256, 2)
[0, 65536, 52992, 9532531, 206, 20]
20 ('gtrr', 2, 1, 2)
[0, 65536, 0, 9532531, 206, 21]
21 ('addr', 2, 5, 5)
[0, 65536, 0, 9532531, 206, 22]
22 ('addi', 5, 1, 5)
[0, 65536, 0, 9532531, 206, 24]
24 ('addi', 4, 1, 4)
[0, 65536, 0, 9532531, 207, 25]
25 ('seti', 17, 5, 5)
[0, 65536, 0, 9532531, 207, 18]
18 ('addi', 4, 1, 2)
[0, 65536, 208, 9532531, 207, 19]
19 ('muli', 2, 256, 2)
[0, 65536, 53248, 9532531, 207, 20]
20 ('gtrr', 2, 1, 2)
[0, 65536, 0, 9532531, 207, 21]
21 ('addr', 2, 5, 5)
[0, 65536, 0, 9532531, 207, 22]
22 ('addi', 5, 1, 5)
[0, 65536, 0, 9532531, 207, 24]
24 ('addi', 4, 1, 4)
[0, 65536, 0, 9532531, 208, 25]
25 ('seti', 17, 5, 5)
[0, 65536, 0, 9532531, 208, 18]
18 ('addi', 4, 1, 2)
[0, 65536, 209, 9532531, 208, 19]
19 ('muli', 2, 256, 2)
[0, 65536, 53504, 9532531, 208, 20]
20 ('gtrr', 2, 1, 2)
[0, 65536, 0, 9532531, 208, 21]
21 ('addr', 2, 5, 5)
[0, 65536, 0, 9532531, 208, 22]
22 ('addi', 5, 1, 5)
[0, 65536, 0, 9532531, 208, 24]
24 ('addi', 4, 1, 4)
[0, 65536, 0, 9532531, 209, 25]
25 ('seti', 17, 5, 5)
[0, 65536, 0, 9532531, 209, 18]
18 ('addi', 4, 1, 2)
[0, 65536, 210, 9532531, 209, 19]
19 ('muli', 2, 256, 2)
[0, 65536, 53760, 9532531, 209, 20]
20 ('gtrr', 2, 1, 2)
[0, 65536, 0, 9532531, 209, 21]
21 ('addr', 2, 5, 5)
[0, 65536, 0, 9532531, 209, 22]
22 ('addi', 5, 1, 5)
[0, 65536, 0, 9532531, 209, 24]
24 ('addi', 4, 1, 4)
[0, 65536, 0, 9532531, 210, 25]
25 ('seti', 17, 5, 5)
[0, 65536, 0, 9532531, 210, 18]
18 ('addi', 4, 1, 2)
[0, 65536, 211, 9532531, 210, 19]
19 ('muli', 2, 256, 2)
[0, 65536, 54016, 9532531, 210, 20]
20 ('gtrr', 2, 1, 2)
[0, 65536, 0, 9532531, 210, 21]
21 ('addr', 2, 5, 5)
[0, 65536, 0, 9532531, 210, 22]
22 ('addi', 5, 1, 5)
[0, 65536, 0, 9532531, 210, 24]
24 ('addi', 4, 1, 4)
[0, 65536, 0, 9532531, 211, 25]
25 ('seti', 17, 5, 5)
[0, 65536, 0, 9532531, 211, 18]
18 ('addi', 4, 1, 2)
[0, 65536, 212, 9532531, 211, 19]
19 ('muli', 2, 256, 2)
[0, 65536, 54272, 9532531, 211, 20]
20 ('gtrr', 2, 1, 2)
[0, 65536, 0, 9532531, 211, 21]
21 ('addr', 2, 5, 5)
[0, 65536, 0, 9532531, 211, 22]
22 ('addi', 5, 1, 5)
[0, 65536, 0, 9532531, 211, 24]
24 ('addi', 4, 1, 4)
[0, 65536, 0, 9532531, 212, 25]
25 ('seti', 17, 5, 5)
[0, 65536, 0, 9532531, 212, 18]
18 ('addi', 4, 1, 2)
[0, 65536, 213, 9532531, 212, 19]
19 ('muli', 2, 256, 2)
[0, 65536, 54528, 9532531, 212, 20]
20 ('gtrr', 2, 1, 2)
[0, 65536, 0, 9532531, 212, 21]
21 ('addr', 2, 5, 5)
[0, 65536, 0, 9532531, 212, 22]
22 ('addi', 5, 1, 5)
[0, 65536, 0, 9532531, 212, 24]
24 ('addi', 4, 1, 4)
[0, 65536, 0, 9532531, 213, 25]
25 ('seti', 17, 5, 5)
[0, 65536, 0, 9532531, 213, 18]
18 ('addi', 4, 1, 2)
[0, 65536, 214, 9532531, 213, 19]
19 ('muli', 2, 256, 2)
[0, 65536, 54784, 9532531, 213, 20]
20 ('gtrr', 2, 1, 2)
[0, 65536, 0, 9532531, 213, 21]
21 ('addr', 2, 5, 5)
[0, 65536, 0, 9532531, 213, 22]
22 ('addi', 5, 1, 5)
[0, 65536, 0, 9532531, 213, 24]
24 ('addi', 4, 1, 4)
[0, 65536, 0, 9532531, 214, 25]
25 ('seti', 17, 5, 5)
[0, 65536, 0, 9532531, 214, 18]
18 ('addi', 4, 1, 2)
[0, 65536, 215, 9532531, 214, 19]
19 ('muli', 2, 256, 2)
[0, 65536, 55040, 9532531, 214, 20]
20 ('gtrr', 2, 1, 2)
[0, 65536, 0, 9532531, 214, 21]
21 ('addr', 2, 5, 5)
[0, 65536, 0, 9532531, 214, 22]
22 ('addi', 5, 1, 5)
[0, 65536, 0, 9532531, 214, 24]
24 ('addi', 4, 1, 4)
[0, 65536, 0, 9532531, 215, 25]
25 ('seti', 17, 5, 5)
[0, 65536, 0, 9532531, 215, 18]
18 ('addi', 4, 1, 2)
[0, 65536, 216, 9532531, 215, 19]
19 ('muli', 2, 256, 2)
[0, 65536, 55296, 9532531, 215, 20]
20 ('gtrr', 2, 1, 2)
[0, 65536, 0, 9532531, 215, 21]
21 ('addr', 2, 5, 5)
[0, 65536, 0, 9532531, 215, 22]
22 ('addi', 5, 1, 5)
[0, 65536, 0, 9532531, 215, 24]
24 ('addi', 4, 1, 4)
[0, 65536, 0, 9532531, 216, 25]
25 ('seti', 17, 5, 5)
[0, 65536, 0, 9532531, 216, 18]
18 ('addi', 4, 1, 2)
[0, 65536, 217, 9532531, 216, 19]
19 ('muli', 2, 256, 2)
[0, 65536, 55552, 9532531, 216, 20]
20 ('gtrr', 2, 1, 2)
[0, 65536, 0, 9532531, 216, 21]
21 ('addr', 2, 5, 5)
[0, 65536, 0, 9532531, 216, 22]
22 ('addi', 5, 1, 5)
[0, 65536, 0, 9532531, 216, 24]
24 ('addi', 4, 1, 4)
[0, 65536, 0, 9532531, 217, 25]
25 ('seti', 17, 5, 5)
[0, 65536, 0, 9532531, 217, 18]
18 ('addi', 4, 1, 2)
[0, 65536, 218, 9532531, 217, 19]
19 ('muli', 2, 256, 2)
[0, 65536, 55808, 9532531, 217, 20]
20 ('gtrr', 2, 1, 2)
[0, 65536, 0, 9532531, 217, 21]
21 ('addr', 2, 5, 5)
[0, 65536, 0, 9532531, 217, 22]
22 ('addi', 5, 1, 5)
[0, 65536, 0, 9532531, 217, 24]
24 ('addi', 4, 1, 4)
[0, 65536, 0, 9532531, 218, 25]
25 ('seti', 17, 5, 5)
[0, 65536, 0, 9532531, 218, 18]
18 ('addi', 4, 1, 2)
[0, 65536, 219, 9532531, 218, 19]
19 ('muli', 2, 256, 2)
[0, 65536, 56064, 9532531, 218, 20]
20 ('gtrr', 2, 1, 2)
[0, 65536, 0, 9532531, 218, 21]
21 ('addr', 2, 5, 5)
[0, 65536, 0, 9532531, 218, 22]
22 ('addi', 5, 1, 5)
[0, 65536, 0, 9532531, 218, 24]
24 ('addi', 4, 1, 4)
[0, 65536, 0, 9532531, 219, 25]
25 ('seti', 17, 5, 5)
[0, 65536, 0, 9532531, 219, 18]
18 ('addi', 4, 1, 2)
[0, 65536, 220, 9532531, 219, 19]
19 ('muli', 2, 256, 2)
[0, 65536, 56320, 9532531, 219, 20]
20 ('gtrr', 2, 1, 2)
[0, 65536, 0, 9532531, 219, 21]
21 ('addr', 2, 5, 5)
[0, 65536, 0, 9532531, 219, 22]
22 ('addi', 5, 1, 5)
[0, 65536, 0, 9532531, 219, 24]
24 ('addi', 4, 1, 4)
[0, 65536, 0, 9532531, 220, 25]
25 ('seti', 17, 5, 5)
[0, 65536, 0, 9532531, 220, 18]
18 ('addi', 4, 1, 2)
[0, 65536, 221, 9532531, 220, 19]
19 ('muli', 2, 256, 2)
[0, 65536, 56576, 9532531, 220, 20]
20 ('gtrr', 2, 1, 2)
[0, 65536, 0, 9532531, 220, 21]
21 ('addr', 2, 5, 5)
[0, 65536, 0, 9532531, 220, 22]
22 ('addi', 5, 1, 5)
[0, 65536, 0, 9532531, 220, 24]
24 ('addi', 4, 1, 4)
[0, 65536, 0, 9532531, 221, 25]
25 ('seti', 17, 5, 5)
[0, 65536, 0, 9532531, 221, 18]
18 ('addi', 4, 1, 2)
[0, 65536, 222, 9532531, 221, 19]
19 ('muli', 2, 256, 2)
[0, 65536, 56832, 9532531, 221, 20]
20 ('gtrr', 2, 1, 2)
[0, 65536, 0, 9532531, 221, 21]
21 ('addr', 2, 5, 5)
[0, 65536, 0, 9532531, 221, 22]
22 ('addi', 5, 1, 5)
[0, 65536, 0, 9532531, 221, 24]
24 ('addi', 4, 1, 4)
[0, 65536, 0, 9532531, 222, 25]
25 ('seti', 17, 5, 5)
[0, 65536, 0, 9532531, 222, 18]
18 ('addi', 4, 1, 2)
[0, 65536, 223, 9532531, 222, 19]
19 ('muli', 2, 256, 2)
[0, 65536, 57088, 9532531, 222, 20]
20 ('gtrr', 2, 1, 2)
[0, 65536, 0, 9532531, 222, 21]
21 ('addr', 2, 5, 5)
[0, 65536, 0, 9532531, 222, 22]
22 ('addi', 5, 1, 5)
[0, 65536, 0, 9532531, 222, 24]
24 ('addi', 4, 1, 4)
[0, 65536, 0, 9532531, 223, 25]
25 ('seti', 17, 5, 5)
[0, 65536, 0, 9532531, 223, 18]
18 ('addi', 4, 1, 2)
[0, 65536, 224, 9532531, 223, 19]
19 ('muli', 2, 256, 2)
[0, 65536, 57344, 9532531, 223, 20]
20 ('gtrr', 2, 1, 2)
[0, 65536, 0, 9532531, 223, 21]
21 ('addr', 2, 5, 5)
[0, 65536, 0, 9532531, 223, 22]
22 ('addi', 5, 1, 5)
[0, 65536, 0, 9532531, 223, 24]
24 ('addi', 4, 1, 4)
[0, 65536, 0, 9532531, 224, 25]
25 ('seti', 17, 5, 5)
[0, 65536, 0, 9532531, 224, 18]
18 ('addi', 4, 1, 2)
[0, 65536, 225, 9532531, 224, 19]
19 ('muli', 2, 256, 2)
[0, 65536, 57600, 9532531, 224, 20]
20 ('gtrr', 2, 1, 2)
[0, 65536, 0, 9532531, 224, 21]
21 ('addr', 2, 5, 5)
[0, 65536, 0, 9532531, 224, 22]
22 ('addi', 5, 1, 5)
[0, 65536, 0, 9532531, 224, 24]
24 ('addi', 4, 1, 4)
[0, 65536, 0, 9532531, 225, 25]
25 ('seti', 17, 5, 5)
[0, 65536, 0, 9532531, 225, 18]
18 ('addi', 4, 1, 2)
[0, 65536, 226, 9532531, 225, 19]
19 ('muli', 2, 256, 2)
[0, 65536, 57856, 9532531, 225, 20]
20 ('gtrr', 2, 1, 2)
[0, 65536, 0, 9532531, 225, 21]
21 ('addr', 2, 5, 5)
[0, 65536, 0, 9532531, 225, 22]
22 ('addi', 5, 1, 5)
[0, 65536, 0, 9532531, 225, 24]
24 ('addi', 4, 1, 4)
[0, 65536, 0, 9532531, 226, 25]
25 ('seti', 17, 5, 5)
[0, 65536, 0, 9532531, 226, 18]
18 ('addi', 4, 1, 2)
[0, 65536, 227, 9532531, 226, 19]
19 ('muli', 2, 256, 2)
[0, 65536, 58112, 9532531, 226, 20]
20 ('gtrr', 2, 1, 2)
[0, 65536, 0, 9532531, 226, 21]
21 ('addr', 2, 5, 5)
[0, 65536, 0, 9532531, 226, 22]
22 ('addi', 5, 1, 5)
[0, 65536, 0, 9532531, 226, 24]
24 ('addi', 4, 1, 4)
[0, 65536, 0, 9532531, 227, 25]
25 ('seti', 17, 5, 5)
[0, 65536, 0, 9532531, 227, 18]
18 ('addi', 4, 1, 2)
[0, 65536, 228, 9532531, 227, 19]
19 ('muli', 2, 256, 2)
[0, 65536, 58368, 9532531, 227, 20]
20 ('gtrr', 2, 1, 2)
[0, 65536, 0, 9532531, 227, 21]
21 ('addr', 2, 5, 5)
[0, 65536, 0, 9532531, 227, 22]
22 ('addi', 5, 1, 5)
[0, 65536, 0, 9532531, 227, 24]
24 ('addi', 4, 1, 4)
[0, 65536, 0, 9532531, 228, 25]
25 ('seti', 17, 5, 5)
[0, 65536, 0, 9532531, 228, 18]
18 ('addi', 4, 1, 2)
[0, 65536, 229, 9532531, 228, 19]
19 ('muli', 2, 256, 2)
[0, 65536, 58624, 9532531, 228, 20]
20 ('gtrr', 2, 1, 2)
[0, 65536, 0, 9532531, 228, 21]
21 ('addr', 2, 5, 5)
[0, 65536, 0, 9532531, 228, 22]
22 ('addi', 5, 1, 5)
[0, 65536, 0, 9532531, 228, 24]
24 ('addi', 4, 1, 4)
[0, 65536, 0, 9532531, 229, 25]
25 ('seti', 17, 5, 5)
[0, 65536, 0, 9532531, 229, 18]
18 ('addi', 4, 1, 2)
[0, 65536, 230, 9532531, 229, 19]
19 ('muli', 2, 256, 2)
[0, 65536, 58880, 9532531, 229, 20]
20 ('gtrr', 2, 1, 2)
[0, 65536, 0, 9532531, 229, 21]
21 ('addr', 2, 5, 5)
[0, 65536, 0, 9532531, 229, 22]
22 ('addi', 5, 1, 5)
[0, 65536, 0, 9532531, 229, 24]
24 ('addi', 4, 1, 4)
[0, 65536, 0, 9532531, 230, 25]
25 ('seti', 17, 5, 5)
[0, 65536, 0, 9532531, 230, 18]
18 ('addi', 4, 1, 2)
[0, 65536, 231, 9532531, 230, 19]
19 ('muli', 2, 256, 2)
[0, 65536, 59136, 9532531, 230, 20]
20 ('gtrr', 2, 1, 2)
[0, 65536, 0, 9532531, 230, 21]
21 ('addr', 2, 5, 5)
[0, 65536, 0, 9532531, 230, 22]
22 ('addi', 5, 1, 5)
[0, 65536, 0, 9532531, 230, 24]
24 ('addi', 4, 1, 4)
[0, 65536, 0, 9532531, 231, 25]
25 ('seti', 17, 5, 5)
[0, 65536, 0, 9532531, 231, 18]
18 ('addi', 4, 1, 2)
[0, 65536, 232, 9532531, 231, 19]
19 ('muli', 2, 256, 2)
[0, 65536, 59392, 9532531, 231, 20]
20 ('gtrr', 2, 1, 2)
[0, 65536, 0, 9532531, 231, 21]
21 ('addr', 2, 5, 5)
[0, 65536, 0, 9532531, 231, 22]
22 ('addi', 5, 1, 5)
[0, 65536, 0, 9532531, 231, 24]
24 ('addi', 4, 1, 4)
[0, 65536, 0, 9532531, 232, 25]
25 ('seti', 17, 5, 5)
[0, 65536, 0, 9532531, 232, 18]
18 ('addi', 4, 1, 2)
[0, 65536, 233, 9532531, 232, 19]
19 ('muli', 2, 256, 2)
[0, 65536, 59648, 9532531, 232, 20]
20 ('gtrr', 2, 1, 2)
[0, 65536, 0, 9532531, 232, 21]
21 ('addr', 2, 5, 5)
[0, 65536, 0, 9532531, 232, 22]
22 ('addi', 5, 1, 5)
[0, 65536, 0, 9532531, 232, 24]
24 ('addi', 4, 1, 4)
[0, 65536, 0, 9532531, 233, 25]
25 ('seti', 17, 5, 5)
[0, 65536, 0, 9532531, 233, 18]
18 ('addi', 4, 1, 2)
[0, 65536, 234, 9532531, 233, 19]
19 ('muli', 2, 256, 2)
[0, 65536, 59904, 9532531, 233, 20]
20 ('gtrr', 2, 1, 2)
[0, 65536, 0, 9532531, 233, 21]
21 ('addr', 2, 5, 5)
[0, 65536, 0, 9532531, 233, 22]
22 ('addi', 5, 1, 5)
[0, 65536, 0, 9532531, 233, 24]
24 ('addi', 4, 1, 4)
[0, 65536, 0, 9532531, 234, 25]
25 ('seti', 17, 5, 5)
[0, 65536, 0, 9532531, 234, 18]
18 ('addi', 4, 1, 2)
[0, 65536, 235, 9532531, 234, 19]
19 ('muli', 2, 256, 2)
[0, 65536, 60160, 9532531, 234, 20]
20 ('gtrr', 2, 1, 2)
[0, 65536, 0, 9532531, 234, 21]
21 ('addr', 2, 5, 5)
[0, 65536, 0, 9532531, 234, 22]
22 ('addi', 5, 1, 5)
[0, 65536, 0, 9532531, 234, 24]
24 ('addi', 4, 1, 4)
[0, 65536, 0, 9532531, 235, 25]
25 ('seti', 17, 5, 5)
[0, 65536, 0, 9532531, 235, 18]
18 ('addi', 4, 1, 2)
[0, 65536, 236, 9532531, 235, 19]
19 ('muli', 2, 256, 2)
[0, 65536, 60416, 9532531, 235, 20]
20 ('gtrr', 2, 1, 2)
[0, 65536, 0, 9532531, 235, 21]
21 ('addr', 2, 5, 5)
[0, 65536, 0, 9532531, 235, 22]
22 ('addi', 5, 1, 5)
[0, 65536, 0, 9532531, 235, 24]
24 ('addi', 4, 1, 4)
[0, 65536, 0, 9532531, 236, 25]
25 ('seti', 17, 5, 5)
[0, 65536, 0, 9532531, 236, 18]
18 ('addi', 4, 1, 2)
[0, 65536, 237, 9532531, 236, 19]
19 ('muli', 2, 256, 2)
[0, 65536, 60672, 9532531, 236, 20]
20 ('gtrr', 2, 1, 2)
[0, 65536, 0, 9532531, 236, 21]
21 ('addr', 2, 5, 5)
[0, 65536, 0, 9532531, 236, 22]
22 ('addi', 5, 1, 5)
[0, 65536, 0, 9532531, 236, 24]
24 ('addi', 4, 1, 4)
[0, 65536, 0, 9532531, 237, 25]
25 ('seti', 17, 5, 5)
[0, 65536, 0, 9532531, 237, 18]
18 ('addi', 4, 1, 2)
[0, 65536, 238, 9532531, 237, 19]
19 ('muli', 2, 256, 2)
[0, 65536, 60928, 9532531, 237, 20]
20 ('gtrr', 2, 1, 2)
[0, 65536, 0, 9532531, 237, 21]
21 ('addr', 2, 5, 5)
[0, 65536, 0, 9532531, 237, 22]
22 ('addi', 5, 1, 5)
[0, 65536, 0, 9532531, 237, 24]
24 ('addi', 4, 1, 4)
[0, 65536, 0, 9532531, 238, 25]
25 ('seti', 17, 5, 5)
[0, 65536, 0, 9532531, 238, 18]
18 ('addi', 4, 1, 2)
[0, 65536, 239, 9532531, 238, 19]
19 ('muli', 2, 256, 2)
[0, 65536, 61184, 9532531, 238, 20]
20 ('gtrr', 2, 1, 2)
[0, 65536, 0, 9532531, 238, 21]
21 ('addr', 2, 5, 5)
[0, 65536, 0, 9532531, 238, 22]
22 ('addi', 5, 1, 5)
[0, 65536, 0, 9532531, 238, 24]
24 ('addi', 4, 1, 4)
[0, 65536, 0, 9532531, 239, 25]
25 ('seti', 17, 5, 5)
[0, 65536, 0, 9532531, 239, 18]
18 ('addi', 4, 1, 2)
[0, 65536, 240, 9532531, 239, 19]
19 ('muli', 2, 256, 2)
[0, 65536, 61440, 9532531, 239, 20]
20 ('gtrr', 2, 1, 2)
[0, 65536, 0, 9532531, 239, 21]
21 ('addr', 2, 5, 5)
[0, 65536, 0, 9532531, 239, 22]
22 ('addi', 5, 1, 5)
[0, 65536, 0, 9532531, 239, 24]
24 ('addi', 4, 1, 4)
[0, 65536, 0, 9532531, 240, 25]
25 ('seti', 17, 5, 5)
[0, 65536, 0, 9532531, 240, 18]
18 ('addi', 4, 1, 2)
[0, 65536, 241, 9532531, 240, 19]
19 ('muli', 2, 256, 2)
[0, 65536, 61696, 9532531, 240, 20]
20 ('gtrr', 2, 1, 2)
[0, 65536, 0, 9532531, 240, 21]
21 ('addr', 2, 5, 5)
[0, 65536, 0, 9532531, 240, 22]
22 ('addi', 5, 1, 5)
[0, 65536, 0, 9532531, 240, 24]
24 ('addi', 4, 1, 4)
[0, 65536, 0, 9532531, 241, 25]
25 ('seti', 17, 5, 5)
[0, 65536, 0, 9532531, 241, 18]
18 ('addi', 4, 1, 2)
[0, 65536, 242, 9532531, 241, 19]
19 ('muli', 2, 256, 2)
[0, 65536, 61952, 9532531, 241, 20]
20 ('gtrr', 2, 1, 2)
[0, 65536, 0, 9532531, 241, 21]
21 ('addr', 2, 5, 5)
[0, 65536, 0, 9532531, 241, 22]
22 ('addi', 5, 1, 5)
[0, 65536, 0, 9532531, 241, 24]
24 ('addi', 4, 1, 4)
[0, 65536, 0, 9532531, 242, 25]
25 ('seti', 17, 5, 5)
[0, 65536, 0, 9532531, 242, 18]
18 ('addi', 4, 1, 2)
[0, 65536, 243, 9532531, 242, 19]
19 ('muli', 2, 256, 2)
[0, 65536, 62208, 9532531, 242, 20]
20 ('gtrr', 2, 1, 2)
[0, 65536, 0, 9532531, 242, 21]
21 ('addr', 2, 5, 5)
[0, 65536, 0, 9532531, 242, 22]
22 ('addi', 5, 1, 5)
[0, 65536, 0, 9532531, 242, 24]
24 ('addi', 4, 1, 4)
[0, 65536, 0, 9532531, 243, 25]
25 ('seti', 17, 5, 5)
[0, 65536, 0, 9532531, 243, 18]
18 ('addi', 4, 1, 2)
[0, 65536, 244, 9532531, 243, 19]
19 ('muli', 2, 256, 2)
[0, 65536, 62464, 9532531, 243, 20]
20 ('gtrr', 2, 1, 2)
[0, 65536, 0, 9532531, 243, 21]
21 ('addr', 2, 5, 5)
[0, 65536, 0, 9532531, 243, 22]
22 ('addi', 5, 1, 5)
[0, 65536, 0, 9532531, 243, 24]
24 ('addi', 4, 1, 4)
[0, 65536, 0, 9532531, 244, 25]
25 ('seti', 17, 5, 5)
[0, 65536, 0, 9532531, 244, 18]
18 ('addi', 4, 1, 2)
[0, 65536, 245, 9532531, 244, 19]
19 ('muli', 2, 256, 2)
[0, 65536, 62720, 9532531, 244, 20]
20 ('gtrr', 2, 1, 2)
[0, 65536, 0, 9532531, 244, 21]
21 ('addr', 2, 5, 5)
[0, 65536, 0, 9532531, 244, 22]
22 ('addi', 5, 1, 5)
[0, 65536, 0, 9532531, 244, 24]
24 ('addi', 4, 1, 4)
[0, 65536, 0, 9532531, 245, 25]
25 ('seti', 17, 5, 5)
[0, 65536, 0, 9532531, 245, 18]
18 ('addi', 4, 1, 2)
[0, 65536, 246, 9532531, 245, 19]
19 ('muli', 2, 256, 2)
[0, 65536, 62976, 9532531, 245, 20]
20 ('gtrr', 2, 1, 2)
[0, 65536, 0, 9532531, 245, 21]
21 ('addr', 2, 5, 5)
[0, 65536, 0, 9532531, 245, 22]
22 ('addi', 5, 1, 5)
[0, 65536, 0, 9532531, 245, 24]
24 ('addi', 4, 1, 4)
[0, 65536, 0, 9532531, 246, 25]
25 ('seti', 17, 5, 5)
[0, 65536, 0, 9532531, 246, 18]
18 ('addi', 4, 1, 2)
[0, 65536, 247, 9532531, 246, 19]
19 ('muli', 2, 256, 2)
[0, 65536, 63232, 9532531, 246, 20]
20 ('gtrr', 2, 1, 2)
[0, 65536, 0, 9532531, 246, 21]
21 ('addr', 2, 5, 5)
[0, 65536, 0, 9532531, 246, 22]
22 ('addi', 5, 1, 5)
[0, 65536, 0, 9532531, 246, 24]
24 ('addi', 4, 1, 4)
[0, 65536, 0, 9532531, 247, 25]
25 ('seti', 17, 5, 5)
[0, 65536, 0, 9532531, 247, 18]
18 ('addi', 4, 1, 2)
[0, 65536, 248, 9532531, 247, 19]
19 ('muli', 2, 256, 2)
[0, 65536, 63488, 9532531, 247, 20]
20 ('gtrr', 2, 1, 2)
[0, 65536, 0, 9532531, 247, 21]
21 ('addr', 2, 5, 5)
[0, 65536, 0, 9532531, 247, 22]
22 ('addi', 5, 1, 5)
[0, 65536, 0, 9532531, 247, 24]
24 ('addi', 4, 1, 4)
[0, 65536, 0, 9532531, 248, 25]
25 ('seti', 17, 5, 5)
[0, 65536, 0, 9532531, 248, 18]
18 ('addi', 4, 1, 2)
[0, 65536, 249, 9532531, 248, 19]
19 ('muli', 2, 256, 2)
[0, 65536, 63744, 9532531, 248, 20]
20 ('gtrr', 2, 1, 2)
[0, 65536, 0, 9532531, 248, 21]
21 ('addr', 2, 5, 5)
[0, 65536, 0, 9532531, 248, 22]
22 ('addi', 5, 1, 5)
[0, 65536, 0, 9532531, 248, 24]
24 ('addi', 4, 1, 4)
[0, 65536, 0, 9532531, 249, 25]
25 ('seti', 17, 5, 5)
[0, 65536, 0, 9532531, 249, 18]
18 ('addi', 4, 1, 2)
[0, 65536, 250, 9532531, 249, 19]
19 ('muli', 2, 256, 2)
[0, 65536, 64000, 9532531, 249, 20]
20 ('gtrr', 2, 1, 2)
[0, 65536, 0, 9532531, 249, 21]
21 ('addr', 2, 5, 5)
[0, 65536, 0, 9532531, 249, 22]
22 ('addi', 5, 1, 5)
[0, 65536, 0, 9532531, 249, 24]
24 ('addi', 4, 1, 4)
[0, 65536, 0, 9532531, 250, 25]
25 ('seti', 17, 5, 5)
[0, 65536, 0, 9532531, 250, 18]
18 ('addi', 4, 1, 2)
[0, 65536, 251, 9532531, 250, 19]
19 ('muli', 2, 256, 2)
[0, 65536, 64256, 9532531, 250, 20]
20 ('gtrr', 2, 1, 2)
[0, 65536, 0, 9532531, 250, 21]
21 ('addr', 2, 5, 5)
[0, 65536, 0, 9532531, 250, 22]
22 ('addi', 5, 1, 5)
[0, 65536, 0, 9532531, 250, 24]
24 ('addi', 4, 1, 4)
[0, 65536, 0, 9532531, 251, 25]
25 ('seti', 17, 5, 5)
[0, 65536, 0, 9532531, 251, 18]
18 ('addi', 4, 1, 2)
[0, 65536, 252, 9532531, 251, 19]
19 ('muli', 2, 256, 2)
[0, 65536, 64512, 9532531, 251, 20]
20 ('gtrr', 2, 1, 2)
[0, 65536, 0, 9532531, 251, 21]
21 ('addr', 2, 5, 5)
[0, 65536, 0, 9532531, 251, 22]
22 ('addi', 5, 1, 5)
[0, 65536, 0, 9532531, 251, 24]
24 ('addi', 4, 1, 4)
[0, 65536, 0, 9532531, 252, 25]
25 ('seti', 17, 5, 5)
[0, 65536, 0, 9532531, 252, 18]
18 ('addi', 4, 1, 2)
[0, 65536, 253, 9532531, 252, 19]
19 ('muli', 2, 256, 2)
[0, 65536, 64768, 9532531, 252, 20]
20 ('gtrr', 2, 1, 2)
[0, 65536, 0, 9532531, 252, 21]
21 ('addr', 2, 5, 5)
[0, 65536, 0, 9532531, 252, 22]
22 ('addi', 5, 1, 5)
[0, 65536, 0, 9532531, 252, 24]
24 ('addi', 4, 1, 4)
[0, 65536, 0, 9532531, 253, 25]
25 ('seti', 17, 5, 5)
[0, 65536, 0, 9532531, 253, 18]
18 ('addi', 4, 1, 2)
[0, 65536, 254, 9532531, 253, 19]
19 ('muli', 2, 256, 2)
[0, 65536, 65024, 9532531, 253, 20]
20 ('gtrr', 2, 1, 2)
[0, 65536, 0, 9532531, 253, 21]
21 ('addr', 2, 5, 5)
[0, 65536, 0, 9532531, 253, 22]
22 ('addi', 5, 1, 5)
[0, 65536, 0, 9532531, 253, 24]
24 ('addi', 4, 1, 4)
[0, 65536, 0, 9532531, 254, 25]
25 ('seti', 17, 5, 5)
[0, 65536, 0, 9532531, 254, 18]
18 ('addi', 4, 1, 2)
[0, 65536, 255, 9532531, 254, 19]
19 ('muli', 2, 256, 2)
[0, 65536, 65280, 9532531, 254, 20]
20 ('gtrr', 2, 1, 2)
[0, 65536, 0, 9532531, 254, 21]
21 ('addr', 2, 5, 5)
[0, 65536, 0, 9532531, 254, 22]
22 ('addi', 5, 1, 5)
[0, 65536, 0, 9532531, 254, 24]
24 ('addi', 4, 1, 4)
[0, 65536, 0, 9532531, 255, 25]
25 ('seti', 17, 5, 5)
[0, 65536, 0, 9532531, 255, 18]
18 ('addi', 4, 1, 2)
[0, 65536, 256, 9532531, 255, 19]
19 ('muli', 2, 256, 2)
[0, 65536, 65536, 9532531, 255, 20]
20 ('gtrr', 2, 1, 2)
[0, 65536, 0, 9532531, 255, 21]
21 ('addr', 2, 5, 5)
[0, 65536, 0, 9532531, 255, 22]
22 ('addi', 5, 1, 5)
[0, 65536, 0, 9532531, 255, 24]
24 ('addi', 4, 1, 4)
[0, 65536, 0, 9532531, 256, 25]
25 ('seti', 17, 5, 5)
[0, 65536, 0, 9532531, 256, 18]
18 ('addi', 4, 1, 2)
[0, 65536, 257, 9532531, 256, 19]
19 ('muli', 2, 256, 2)
[0, 65536, 65792, 9532531, 256, 20]
20 ('gtrr', 2, 1, 2)
[0, 65536, 1, 9532531, 256, 21]
21 ('addr', 2, 5, 5)
[0, 65536, 1, 9532531, 256, 23]
23 ('seti', 25, 7, 5)
[0, 65536, 1, 9532531, 256, 26]
26 ('setr', 4, 6, 1)
[0, 256, 1, 9532531, 256, 27]
27 ('seti', 7, 8, 5)
[0, 256, 1, 9532531, 256, 8]
8 ('bani', 1, 255, 4)
[0, 256, 1, 9532531, 0, 9]
9 ('addr', 3, 4, 3)
[0, 256, 1, 9532531, 0, 10]
10 ('bani', 3, 16777215, 3)
[0, 256, 1, 9532531, 0, 11]
11 ('muli', 3, 65899, 3)
[0, 256, 1, 628184260369, 0, 12]
12 ('bani', 3, 16777215, 3)
[0, 256, 1, 11738897, 0, 13]
13 ('gtir', 256, 1, 4)
[0, 256, 1, 11738897, 0, 14]
14 ('addr', 4, 5, 5)
[0, 256, 1, 11738897, 0, 15]
15 ('addi', 5, 1, 5)
[0, 256, 1, 11738897, 0, 17]
17 ('seti', 0, 9, 4)
[0, 256, 1, 11738897, 0, 18]
18 ('addi', 4, 1, 2)
[0, 256, 1, 11738897, 0, 19]
19 ('muli', 2, 256, 2)
[0, 256, 256, 11738897, 0, 20]
20 ('gtrr', 2, 1, 2)
[0, 256, 0, 11738897, 0, 21]
21 ('addr', 2, 5, 5)
[0, 256, 0, 11738897, 0, 22]
22 ('addi', 5, 1, 5)
[0, 256, 0, 11738897, 0, 24]
24 ('addi', 4, 1, 4)
[0, 256, 0, 11738897, 1, 25]
25 ('seti', 17, 5, 5)
[0, 256, 0, 11738897, 1, 18]
18 ('addi', 4, 1, 2)
[0, 256, 2, 11738897, 1, 19]
19 ('muli', 2, 256, 2)
[0, 256, 512, 11738897, 1, 20]
20 ('gtrr', 2, 1, 2)
[0, 256, 1, 11738897, 1, 21]
21 ('addr', 2, 5, 5)
[0, 256, 1, 11738897, 1, 23]
23 ('seti', 25, 7, 5)
[0, 256, 1, 11738897, 1, 26]
26 ('setr', 4, 6, 1)
[0, 1, 1, 11738897, 1, 27]
27 ('seti', 7, 8, 5)
[0, 1, 1, 11738897, 1, 8]
8 ('bani', 1, 255, 4)
[0, 1, 1, 11738897, 1, 9]
9 ('addr', 3, 4, 3)
[0, 1, 1, 11738898, 1, 10]
10 ('bani', 3, 16777215, 3)
[0, 1, 1, 11738898, 1, 11]
11 ('muli', 3, 65899, 3)
[0, 1, 1, 773581639302, 1, 12]
12 ('bani', 3, 16777215, 3)
[0, 1, 1, 986758, 1, 13]
13 ('gtir', 256, 1, 4)
[0, 1, 1, 986758, 1, 14]
14 ('addr', 4, 5, 5)
[0, 1, 1, 986758, 1, 16]
16 ('seti', 27, 1, 5)
[0, 1, 1, 986758, 1, 28]
28 ('eqrr', 3, 0, 4)
>>> 